Results:
2015 1 IL 81746.28571428571
2015 1 MD 69460.0
2015 1 MA 56496.5
2015 11 IL 60797.142857142855
2015 11 MD 58716.0
2015 11 NJ 48839.0
2015 12 MD 88919.0
2015 12 GA 68644.0
2015 12 MA 64948.5
2015 2 MA 94749.5
2015 2 IL 79135.14285714286
2015 2 MD 68496.0
2015 3 MA 74111.5
2015 3 MD 71321.0
2015 3 IL 67358.14285714286
2015 4 MD 63541.0
2015 4 IL 59452.28571428572
2015 4 MA 55557.0
2015 5 MD 77344.0
2015 5 IL 61478.28571428572
2015 5 GA 53056.857142857145
2015 6 MD 140998.0
2015 6 IL 107694.0
2015 6 NJ 78573.33333333333
2015 7 MD 127534.0
2015 7 IL 81857.71428571429
2015 7 NJ 71436.33333333333
2015 8 MD 105932.0
2015 8 IL 68371.28571428571
2015 8 NV 54137.333333333336
2015 9 MD 75098.0
2015 9 IL 47269.142857142855
2015 9 GA 32005.285714285714