10135,2015,10	237,1814
10136,2015,10	194,1890
10140,2015,10	1812,14341
10141,2015,10	71,422
10146,2015,10	87,1086
10154,2015,10	28,340
10155,2015,10	141,660
10157,2015,10	120,1723
10158,2015,10	247,2333
10165,2015,10	9,29
10170,2015,10	28,184
10185,2015,10	278,3189
10208,2015,10	222,1467
10257,2015,10	733,4880
10268,2015,10	56,148
10279,2015,10	304,2336
10299,2015,10	1223,10595
10333,2015,10	51,266
10372,2015,10	59,559
10397,2015,10	32557,215661
10408,2015,10	259,1740
10423,2015,10	3898,38288
10431,2015,10	279,3817
10434,2015,10	113,724
10469,2015,10	120,484
10529,2015,10	1709,12562
10551,2015,10	84,512
10561,2015,10	183,1133
10577,2015,10	61,424
10581,2015,10	26,336
10599,2015,10	1143,9540
10620,2015,10	263,742
10627,2015,10	339,1550
10631,2015,10	62,331
10666,2015,10	1,0
10685,2015,10	238,1042
10693,2015,10	4462,32083
10713,2015,10	1159,9199
10721,2015,10	10104,92414
10728,2015,10	86,821
10731,2015,10	85,1093
10732,2015,10	98,1173
10739,2015,10	53,233
10747,2015,10	194,1664
10754,2015,10	80,435
10779,2015,10	61,152
10781,2015,10	651,6423
10785,2015,10	347,3721
10792,2015,10	1580,11605
10800,2015,10	1755,9960
10821,2015,10	8009,52771
10849,2015,10	334,1565
10868,2015,10	413,3461
10874,2015,10	490,4652
10918,2015,10	53,274
10926,2015,10	62,560
10980,2015,10	415,3330
10990,2015,10	236,3118
10994,2015,10	1206,9915
11003,2015,10	531,3193
11013,2015,10	57,430
11042,2015,10	3210,25393
11049,2015,10	217,1420
11057,2015,10	9539,59596
11066,2015,10	2182,13749
11067,2015,10	206,600
11076,2015,10	61,237
11097,2015,10	31,113
11109,2015,10	605,6191
11111,2015,10	123,781
11122,2015,10	138,455
11140,2015,10	362,3576
11146,2015,10	224,1519
11150,2015,10	112,1043
11193,2015,10	1907,13293
11203,2015,10	144,607
11252,2015,10	119,274
11259,2015,10	5881,52351
11267,2015,10	747,4493
11274,2015,10	87,320
11278,2015,10	6768,51525
11292,2015,10	18083,141149
11298,2015,10	20604,214407
11308,2015,10	118,693
11315,2015,10	61,95
11337,2015,10	223,1372
11413,2015,10	177,1112
11423,2015,10	701,5437
11433,2015,10	9891,73699
11447,2015,10	48,165
11471,2015,10	62,497
11481,2015,10	375,2199
11503,2015,10	3,5
11525,2015,10	53,290
11537,2015,10	195,1279
11540,2015,10	1039,9072
11577,2015,10	57,311
11587,2015,10	52,136
11603,2015,10	327,3242
11612,2015,10	397,2373
11617,2015,10	55,388
11618,2015,10	9564,114727
11624,2015,10	151,591
11630,2015,10	176,1510
11637,2015,10	524,3020
11638,2015,10	655,5579
11641,2015,10	150,757
11648,2015,10	123,379
11695,2015,10	157,1669
11697,2015,10	5777,55286
11721,2015,10	411,2355
11775,2015,10	443,2779
11778,2015,10	174,1484
11823,2015,10	511,2585
11865,2015,10	88,476
11867,2015,10	60,474
11884,2015,10	829,5710
11898,2015,10	89,532
11905,2015,10	58,269
11921,2015,10	270,1590
11953,2015,10	234,2260
11973,2015,10	299,2203
11977,2015,10	486,3669
11980,2015,10	56,271
11982,2015,10	360,2476
11986,2015,10	923,6167
11995,2015,10	590,4407
11996,2015,10	629,3993
12003,2015,10	190,954
12007,2015,10	88,383
12016,2015,10	29,12
12094,2015,10	20,143
12129,2015,10	83,1158
12156,2015,10	141,691
12173,2015,10	3767,29157
12177,2015,10	53,290
12191,2015,10	4698,37829
12197,2015,10	716,6782
12206,2015,10	279,2794
12217,2015,10	389,1848
12255,2015,10	53,163
12264,2015,10	2993,21472
12265,2015,10	22,159
12266,2015,10	13139,124158
12278,2015,10	691,4192
12280,2015,10	201,820
12323,2015,10	215,1551
12335,2015,10	56,156
12339,2015,10	2372,15353
12343,2015,10	52,681
12389,2015,10	218,1300
12391,2015,10	366,3746
12402,2015,10	504,1120
12441,2015,10	157,1194
12448,2015,10	647,4711
12451,2015,10	1702,11406
12478,2015,10	8247,100495
12511,2015,10	56,500
12519,2015,10	75,267
12523,2015,10	330,3044
12758,2015,10	967,4446
12819,2015,10	185,1858
12884,2015,10	223,1394
12888,2015,10	50,284
12889,2015,10	12675,101599
12891,2015,10	120,986
12892,2015,10	17661,141988
12896,2015,10	430,6348
12898,2015,10	116,1544
12915,2015,10	190,1107
12945,2015,10	583,4065
12951,2015,10	425,3637
12953,2015,10	8454,97061
12954,2015,10	773,5703
12982,2015,10	882,4978
12992,2015,10	1040,7112
13029,2015,10	288,1707
13061,2015,10	198,2033
13076,2015,10	165,928
13127,2015,10	53,57
13158,2015,10	594,5199
13184,2015,10	142,1457
13198,2015,10	3545,25402
13204,2015,10	9025,73253
13230,2015,10	285,1356
13232,2015,10	7604,38364
13241,2015,10	83,1094
13244,2015,10	1513,10900
13256,2015,10	234,2212
13264,2015,10	243,2574
13277,2015,10	305,2311
13290,2015,10	150,828
13296,2015,10	577,3590
13303,2015,10	5941,52307
13342,2015,10	2636,17633
13344,2015,10	62,558
13360,2015,10	116,408
13367,2015,10	306,1897
13377,2015,10	275,2028
13422,2015,10	432,3560
13433,2015,10	217,1287
13459,2015,10	26,40
13476,2015,10	234,2484
13485,2015,10	836,4625
13486,2015,10	169,763
13487,2015,10	10606,76803
13495,2015,10	3663,25495
13502,2015,10	7,39
13541,2015,10	11,23
13577,2015,10	505,4331
13795,2015,10	112,1295
13796,2015,10	3986,24298
13830,2015,10	1818,10379
13851,2015,10	1627,11782
13871,2015,10	1497,10485
13873,2015,10	60,485
13891,2015,10	1738,14596
13930,2015,10	27531,216532
13931,2015,10	910,6596
13933,2015,10	60,313
13964,2015,10	36,992
13970,2015,10	61,485
14006,2015,10	60,279
14025,2015,10	13,255
14027,2015,10	1742,15300
14057,2015,10	4550,29359
14098,2015,10	114,783
14100,2015,10	6055,54398
14107,2015,10	12895,93788
14108,2015,10	473,3327
14109,2015,10	52,803
14113,2015,10	57,124
14122,2015,10	2127,12955
14150,2015,10	62,392
14193,2015,10	474,3006
14222,2015,10	9,150
14252,2015,10	210,1323
14254,2015,10	60,613
14256,2015,10	61,908
14262,2015,10	673,5509
14307,2015,10	1094,8440
14321,2015,10	476,3647
14457,2015,10	235,1408
14487,2015,10	62,715
14489,2015,10	200,1383
14492,2015,10	2988,22525
14520,2015,10	88,225
14524,2015,10	1635,14858
14543,2015,10	57,195
14570,2015,10	1144,8867
14574,2015,10	223,1023
14576,2015,10	735,5369
14588,2015,10	89,1405
14633,2015,10	185,691
14635,2015,10	1775,10453
14674,2015,10	90,482
14679,2015,10	6190,39634
14683,2015,10	2605,20447
14685,2015,10	657,4229
14689,2015,10	564,4316
14696,2015,10	412,3726
14698,2015,10	246,3034
14709,2015,10	81,575
14711,2015,10	62,666
14730,2015,10	843,3909
14747,2015,10	10361,80171
14771,2015,10	14096,140390
14783,2015,10	523,3307
14794,2015,10	203,1596
14814,2015,10	551,5368
14828,2015,10	91,915
14831,2015,10	3468,20708
14842,2015,10	143,1115
14843,2015,10	1871,16295
14869,2015,10	8744,43970
14893,2015,10	3608,24916
14905,2015,10	61,651
14908,2015,10	3526,18098
14952,2015,10	146,1260
14960,2015,10	118,513
14986,2015,10	306,1428
15016,2015,10	4296,24900
15024,2015,10	237,1941
15027,2015,10	69,448
15041,2015,10	62,202
15048,2015,10	57,135
15070,2015,10	61,985
15096,2015,10	636,3783
15249,2015,10	279,1438
15295,2015,10	88,143
15304,2015,10	5135,37288
15323,2015,10	159,736
15356,2015,10	277,2804
15370,2015,10	1312,10844
15376,2015,10	1305,10634
15380,2015,10	208,1192
15389,2015,10	87,290
15401,2015,10	83,1016
15411,2015,10	222,1449
15412,2015,10	621,5217
15497,2015,10	14,65
15607,2015,10	88,885
15624,2015,10	411,2806
15841,2015,10	62,868
15919,2015,10	933,7982
15991,2015,10	61,471
16218,2015,10	177,863
ABE,2015,1	157,1468
ABE,2015,11	231,2381
ABE,2015,12	148,1798
ABE,2015,2	154,2916
ABE,2015,3	208,2093
ABE,2015,4	222,1969
ABE,2015,5	228,2038
ABE,2015,6	202,3398
ABE,2015,7	229,2252
ABE,2015,8	231,2932
ABE,2015,9	218,3181
ABI,2015,1	227,3497
ABI,2015,11	186,1143
ABI,2015,12	194,1777
ABI,2015,2	182,2465
ABI,2015,3	233,3185
ABI,2015,4	191,3402
ABI,2015,5	197,3125
ABI,2015,6	205,2250
ABI,2015,7	209,1396
ABI,2015,8	210,946
ABI,2015,9	193,623
ABQ,2015,1	1559,17094
ABQ,2015,11	1618,15946
ABQ,2015,12	1597,21818
ABQ,2015,2	1357,15262
ABQ,2015,3	1674,18443
ABQ,2015,4	1743,18900
ABQ,2015,5	1835,22580
ABQ,2015,6	1890,29665
ABQ,2015,7	2033,26677
ABQ,2015,8	1927,24150
ABQ,2015,9	1753,10130
ABR,2015,1	60,625
ABR,2015,11	62,390
ABR,2015,12	61,762
ABR,2015,2	55,296
ABR,2015,3	61,127
ABR,2015,4	59,158
ABR,2015,5	62,121
ABR,2015,6	59,344
ABR,2015,7	62,437
ABR,2015,8	61,385
ABR,2015,9	60,341
ABY,2015,1	81,1144
ABY,2015,11	81,1514
ABY,2015,12	75,1194
ABY,2015,2	73,809
ABY,2015,3	87,1187
ABY,2015,4	84,1000
ABY,2015,5	79,1012
ABY,2015,6	75,884
ABY,2015,7	77,1293
ABY,2015,8	79,837
ABY,2015,9	78,972
ACK,2015,5	48,1018
ACK,2015,6	85,1738
ACK,2015,7	139,1080
ACK,2015,8	138,1618
ACK,2015,9	78,831
ACT,2015,1	142,2457
ACT,2015,11	140,1559
ACT,2015,12	150,1127
ACT,2015,2	112,2139
ACT,2015,3	140,3239
ACT,2015,4	146,2030
ACT,2015,5	139,3671
ACT,2015,6	139,3403
ACT,2015,7	148,2415
ACT,2015,8	146,2196
ACT,2015,9	140,952
ACV,2015,1	145,2237
ACV,2015,11	130,1166
ACV,2015,12	118,2683
ACV,2015,2	125,2031
ACV,2015,3	98,1577
ACV,2015,4	107,1137
ACV,2015,5	97,1769
ACV,2015,6	107,1783
ACV,2015,7	120,2023
ACV,2015,8	116,2348
ACV,2015,9	108,1162
ACY,2015,1	332,4559
ACY,2015,11	276,3014
ACY,2015,12	297,3475
ACY,2015,2	305,6249
ACY,2015,3	357,3917
ACY,2015,4	360,3167
ACY,2015,5	341,8012
ACY,2015,6	321,9893
ACY,2015,7	339,6418
ACY,2015,8	338,8024
ACY,2015,9	268,3227
ADK,2015,1	9,0
ADK,2015,11	7,93
ADK,2015,12	6,19
ADK,2015,2	8,76
ADK,2015,3	8,123
ADK,2015,4	9,11
ADK,2015,5	8,86
ADK,2015,6	8,30
ADK,2015,7	9,14
ADK,2015,8	9,93
ADK,2015,9	8,17
ADQ,2015,1	29,210
ADQ,2015,11	29,113
ADQ,2015,12	26,109
ADQ,2015,2	24,106
ADQ,2015,3	30,160
ADQ,2015,4	30,232
ADQ,2015,5	60,266
ADQ,2015,6	54,311
ADQ,2015,7	55,152
ADQ,2015,8	53,427
ADQ,2015,9	47,122
AEX,2015,1	281,2676
AEX,2015,11	270,2332
AEX,2015,12	277,3810
AEX,2015,2	242,3035
AEX,2015,3	287,3875
AEX,2015,4	284,3473
AEX,2015,5	283,4259
AEX,2015,6	287,4684
AEX,2015,7	294,3751
AEX,2015,8	293,2699
AEX,2015,9	265,2072
AGS,2015,1	200,2290
AGS,2015,11	214,2412
AGS,2015,12	216,2700
AGS,2015,2	174,3162
AGS,2015,3	227,2123
AGS,2015,4	227,2080
AGS,2015,5	224,2637
AGS,2015,6	216,3988
AGS,2015,7	222,2059
AGS,2015,8	214,1978
AGS,2015,9	215,1400
AKN,2015,6	24,255
AKN,2015,7	31,118
AKN,2015,8	8,26
ALB,2015,1	547,7790
ALB,2015,11	712,6037
ALB,2015,12	766,7673
ALB,2015,2	524,7683
ALB,2015,3	674,9284
ALB,2015,4	679,6946
ALB,2015,5	696,7794
ALB,2015,6	626,11049
ALB,2015,7	710,12613
ALB,2015,8	721,10060
ALB,2015,9	694,6561
ALO,2015,1	49,1779
ALO,2015,11	52,774
ALO,2015,12	55,284
ALO,2015,2	46,1668
ALO,2015,3	56,664
ALO,2015,4	55,279
ALO,2015,5	56,529
ALO,2015,6	53,635
ALO,2015,7	58,870
ALO,2015,8	55,653
ALO,2015,9	51,646
AMA,2015,1	505,7467
AMA,2015,11	261,2821
AMA,2015,12	239,1770
AMA,2015,2	421,5692
AMA,2015,3	464,5286
AMA,2015,4	340,4037
AMA,2015,5	328,4886
AMA,2015,6	471,6023
AMA,2015,7	452,5230
AMA,2015,8	315,2324
AMA,2015,9	289,1299
ANC,2015,1	1166,9715
ANC,2015,11	1170,14007
ANC,2015,12	1236,9150
ANC,2015,2	1003,9151
ANC,2015,3	1199,12581
ANC,2015,4	1164,6720
ANC,2015,5	1499,8892
ANC,2015,6	1882,20360
ANC,2015,7	2073,25366
ANC,2015,8	1986,23453
ANC,2015,9	1470,12732
APN,2015,1	50,1525
APN,2015,11	50,233
APN,2015,12	51,1027
APN,2015,2	43,886
APN,2015,3	52,538
APN,2015,4	51,497
APN,2015,5	51,197
APN,2015,6	51,330
APN,2015,7	53,587
APN,2015,8	51,181
APN,2015,9	49,328
ASE,2015,1	612,12818
ASE,2015,11	32,681
ASE,2015,12	421,16562
ASE,2015,2	588,11958
ASE,2015,3	728,9281
ASE,2015,4	180,1377
ASE,2015,5	34,536
ASE,2015,6	230,4746
ASE,2015,7	260,3771
ASE,2015,8	220,2950
ASE,2015,9	113,937
ATL,2015,1	29205,288728
ATL,2015,11	30845,265105
ATL,2015,12	30753,465939
ATL,2015,2	26362,345593
ATL,2015,3	32477,342337
ATL,2015,4	31270,294140
ATL,2015,5	32271,356555
ATL,2015,6	32441,460991
ATL,2015,7	33655,366148
ATL,2015,8	33608,361359
ATL,2015,9	31302,213766
ATW,2015,1	222,3431
ATW,2015,11	246,1794
ATW,2015,12	223,2991
ATW,2015,2	200,4179
ATW,2015,3	280,2240
ATW,2015,4	252,1481
ATW,2015,5	295,2477
ATW,2015,6	206,2598
ATW,2015,7	312,2853
ATW,2015,8	294,3125
ATW,2015,9	240,1719
AUS,2015,1	3338,44905
AUS,2015,11	3830,84299
AUS,2015,12	3836,49106
AUS,2015,2	2985,42311
AUS,2015,3	3704,49739
AUS,2015,4	3726,44474
AUS,2015,5	3901,61634
AUS,2015,6	4017,59862
AUS,2015,7	4281,51760
AUS,2015,8	4144,47662
AUS,2015,9	3796,22568
AVL,2015,1	207,2458
AVL,2015,11	210,2760
AVL,2015,12	200,4439
AVL,2015,2	177,2720
AVL,2015,3	234,3239
AVL,2015,4	220,2254
AVL,2015,5	210,2414
AVL,2015,6	312,4505
AVL,2015,7	339,4234
AVL,2015,8	313,3187
AVL,2015,9	279,1791
AVP,2015,1	115,2010
AVP,2015,11	155,2327
AVP,2015,12	111,760
AVP,2015,2	85,1498
AVP,2015,3	91,1040
AVP,2015,4	140,1202
AVP,2015,5	154,1835
AVP,2015,6	107,2061
AVP,2015,7	145,3056
AVP,2015,8	118,2153
AVP,2015,9	110,1910
AZO,2015,1	192,3943
AZO,2015,11	182,1360
AZO,2015,12	212,1419
AZO,2015,2	129,3223
AZO,2015,3	188,2128
AZO,2015,4	142,473
AZO,2015,5	132,473
AZO,2015,6	152,2421
AZO,2015,7	124,653
AZO,2015,8	137,1175
AZO,2015,9	157,1303
BDL,2015,1	1585,20890
BDL,2015,11	1743,15012
BDL,2015,12	1688,21877
BDL,2015,2	1341,23232
BDL,2015,3	1691,20678
BDL,2015,4	1691,18892
BDL,2015,5	1810,21118
BDL,2015,6	1761,32163
BDL,2015,7	1833,26989
BDL,2015,8	1737,26415
BDL,2015,9	1562,16608
BET,2015,1	80,437
BET,2015,11	75,1311
BET,2015,12	75,432
BET,2015,2	75,887
BET,2015,3	84,502
BET,2015,4	81,305
BET,2015,5	82,511
BET,2015,6	81,759
BET,2015,7	85,835
BET,2015,8	82,641
BET,2015,9	81,357
BFL,2015,1	229,4220
BFL,2015,11	234,1536
BFL,2015,12	224,2866
BFL,2015,2	202,2497
BFL,2015,3	240,2564
BFL,2015,4	257,2906
BFL,2015,5	264,3391
BFL,2015,6	261,4101
BFL,2015,7	253,2806
BFL,2015,8	239,3431
BFL,2015,9	196,1417
BGM,2015,11	28,138
BGM,2015,12	63,971
BGM,2015,2	36,904
BGM,2015,6	42,184
BGM,2015,7	60,381
BGM,2015,8	29,165
BGM,2015,9	1,6
BGR,2015,11	33,241
BGR,2015,12	23,414
BGR,2015,2	21,391
BGR,2015,4	1,15
BGR,2015,5	58,589
BGR,2015,6	44,984
BGR,2015,7	66,179
BGR,2015,8	75,369
BGR,2015,9	42,153
BHM,2015,1	1136,14355
BHM,2015,11	1103,8612
BHM,2015,12	1040,13286
BHM,2015,2	1014,12797
BHM,2015,3	1183,14282
BHM,2015,4	1079,11070
BHM,2015,5	1139,12708
BHM,2015,6	1189,19031
BHM,2015,7	1185,15088
BHM,2015,8	1166,13907
BHM,2015,9	1104,7016
BIL,2015,1	221,2607
BIL,2015,11	253,2017
BIL,2015,12	268,3302
BIL,2015,2	207,2170
BIL,2015,3	251,2128
BIL,2015,4	224,1796
BIL,2015,5	249,2731
BIL,2015,6	278,2836
BIL,2015,7	337,2959
BIL,2015,8	333,2305
BIL,2015,9	243,1159
BIS,2015,1	304,6079
BIS,2015,11	297,1894
BIS,2015,12	299,2946
BIS,2015,2	269,5694
BIS,2015,3	295,3110
BIS,2015,4	295,3431
BIS,2015,5	319,2529
BIS,2015,6	320,4709
BIS,2015,7	357,3761
BIS,2015,8	352,2765
BIS,2015,9	300,2101
BJI,2015,1	62,561
BJI,2015,11	59,856
BJI,2015,12	62,150
BJI,2015,2	56,174
BJI,2015,3	61,201
BJI,2015,4	60,229
BJI,2015,5	62,860
BJI,2015,6	60,430
BJI,2015,7	62,399
BJI,2015,8	62,752
BJI,2015,9	60,213
BLI,2015,1	94,492
BLI,2015,11	90,486
BLI,2015,12	101,591
BLI,2015,2	84,590
BLI,2015,3	107,788
BLI,2015,4	92,362
BLI,2015,5	93,333
BLI,2015,6	17,17
BLI,2015,8	31,223
BMI,2015,1	233,4907
BMI,2015,11	217,1861
BMI,2015,12	246,2311
BMI,2015,2	214,5101
BMI,2015,3	260,4301
BMI,2015,4	227,3670
BMI,2015,5	226,3011
BMI,2015,6	261,4109
BMI,2015,7	256,2468
BMI,2015,8	253,2884
BMI,2015,9	244,2285
BNA,2015,1	4003,50633
BNA,2015,11	4229,34678
BNA,2015,12	4170,51858
BNA,2015,2	3264,40815
BNA,2015,3	4318,48497
BNA,2015,4	4242,38561
BNA,2015,5	4339,48497
BNA,2015,6	4502,69494
BNA,2015,7	4717,66283
BNA,2015,8	4533,46413
BNA,2015,9	4263,27834
BOI,2015,1	922,13750
BOI,2015,11	1142,12000
BOI,2015,12	1184,17975
BOI,2015,2	829,11477
BOI,2015,3	961,7395
BOI,2015,4	915,9338
BOI,2015,5	1056,9908
BOI,2015,6	1131,17963
BOI,2015,7	1191,17323
BOI,2015,8	1167,12807
BOI,2015,9	1070,9212
BOS,2015,1	8183,112427
BOS,2015,11	9413,80713
BOS,2015,12	9026,128981
BOS,2015,2	7260,188913
BOS,2015,3	9742,147725
BOS,2015,4	9937,110667
BOS,2015,5	10164,124385
BOS,2015,6	10406,165106
BOS,2015,7	10752,152605
BOS,2015,8	10631,160250
BOS,2015,9	9679,98437
BPT,2015,1	90,1981
BPT,2015,11	79,1224
BPT,2015,12	84,2137
BPT,2015,2	73,1440
BPT,2015,3	76,1910
BPT,2015,4	86,1627
BPT,2015,5	81,1352
BPT,2015,6	87,1454
BPT,2015,7	91,1155
BPT,2015,8	91,1505
BPT,2015,9	84,1147
BQK,2015,1	84,588
BQK,2015,11	82,963
BQK,2015,12	84,1168
BQK,2015,2	78,1205
BQK,2015,3	78,1077
BQK,2015,4	76,761
BQK,2015,5	78,716
BQK,2015,6	75,784
BQK,2015,7	78,832
BQK,2015,8	80,903
BQK,2015,9	80,1138
BQN,2015,1	112,2114
BQN,2015,11	115,1417
BQN,2015,12	140,2940
BQN,2015,2	82,1270
BQN,2015,3	98,2104
BQN,2015,4	99,1917
BQN,2015,5	120,1951
BQN,2015,6	150,2827
BQN,2015,7	172,3180
BQN,2015,8	151,2267
BQN,2015,9	93,820
BRD,2015,1	53,426
BRD,2015,11	49,176
BRD,2015,12	52,87
BRD,2015,2	47,362
BRD,2015,3	53,408
BRD,2015,4	52,145
BRD,2015,5	52,175
BRD,2015,6	52,175
BRD,2015,7	61,132
BRD,2015,8	60,236
BRD,2015,9	52,1698
BRO,2015,1	194,2661
BRO,2015,11	185,1222
BRO,2015,12	186,1061
BRO,2015,2	188,2013
BRO,2015,3	232,3684
BRO,2015,4	207,2446
BRO,2015,5	212,3464
BRO,2015,6	227,4297
BRO,2015,7	234,2139
BRO,2015,8	228,1818
BRO,2015,9	188,678
BRW,2015,1	78,1240
BRW,2015,11	75,744
BRW,2015,12	77,553
BRW,2015,2	68,588
BRW,2015,3	78,972
BRW,2015,4	76,880
BRW,2015,5	79,517
BRW,2015,6	78,817
BRW,2015,7	79,711
BRW,2015,8	80,395
BRW,2015,9	77,406
BTM,2015,1	61,205
BTM,2015,11	56,385
BTM,2015,12	58,1218
BTM,2015,2	54,108
BTM,2015,3	60,100
BTM,2015,4	56,125
BTM,2015,5	62,102
BTM,2015,6	60,119
BTM,2015,7	62,69
BTM,2015,8	61,441
BTM,2015,9	60,23
BTR,2015,1	642,8287
BTR,2015,11	642,7008
BTR,2015,12	597,8144
BTR,2015,2	591,8807
BTR,2015,3	677,10397
BTR,2015,4	647,10634
BTR,2015,5	645,11882
BTR,2015,6	648,13011
BTR,2015,7	671,7988
BTR,2015,8	662,8688
BTR,2015,9	593,4496
BTV,2015,1	232,4318
BTV,2015,11	231,2580
BTV,2015,12	365,6469
BTV,2015,2	168,3808
BTV,2015,3	229,4355
BTV,2015,4	257,4674
BTV,2015,5	239,3029
BTV,2015,6	264,5422
BTV,2015,7	302,4739
BTV,2015,8	279,3121
BTV,2015,9	345,4322
BUF,2015,1	1256,17256
BUF,2015,11	1477,9881
BUF,2015,12	1503,18629
BUF,2015,2	1161,19928
BUF,2015,3	1527,20899
BUF,2015,4	1585,18139
BUF,2015,5	1667,15804
BUF,2015,6	1600,26688
BUF,2015,7	1661,25188
BUF,2015,8	1584,22767
BUF,2015,9	1511,12298
BUR,2015,1	1665,15228
BUR,2015,11	1690,14168
BUR,2015,12	1717,19622
BUR,2015,2	1502,17069
BUR,2015,3	1731,13231
BUR,2015,4	1680,15282
BUR,2015,5	1700,17798
BUR,2015,6	1703,18185
BUR,2015,7	1794,19893
BUR,2015,8	1739,16685
BUR,2015,9	1671,9025
BWI,2015,1	6750,69460
BWI,2015,11	7852,58716
BWI,2015,12	7921,88919
BWI,2015,2	5896,68496
BWI,2015,3	7421,71321
BWI,2015,4	7842,63541
BWI,2015,5	8114,77344
BWI,2015,6	8193,140998
BWI,2015,7	8697,127534
BWI,2015,8	8209,105932
BWI,2015,9	7692,75098
BZN,2015,1	249,3924
BZN,2015,11	249,1844
BZN,2015,12	328,6317
BZN,2015,2	270,3329
BZN,2015,3	298,2803
BZN,2015,4	201,1798
BZN,2015,5	169,1254
BZN,2015,6	361,3895
BZN,2015,7	512,4166
BZN,2015,8	523,5125
BZN,2015,9	420,2306
CAE,2015,1	516,7599
CAE,2015,11	440,6361
CAE,2015,12	420,7703
CAE,2015,2	460,8625
CAE,2015,3	497,7613
CAE,2015,4	454,5764
CAE,2015,5	460,7737
CAE,2015,6	451,8081
CAE,2015,7	458,6735
CAE,2015,8	462,5727
CAE,2015,9	442,3425
CAK,2015,1	551,6376
CAK,2015,11	544,5053
CAK,2015,12	484,4812
CAK,2015,2	486,6586
CAK,2015,3	651,9821
CAK,2015,4	572,4043
CAK,2015,5	592,7930
CAK,2015,6	548,10269
CAK,2015,7	575,10976
CAK,2015,8	530,6961
CAK,2015,9	463,2836
CDC,2015,1	53,417
CDC,2015,11	51,328
CDC,2015,12	54,1116
CDC,2015,2	47,156
CDC,2015,3	53,537
CDC,2015,4	52,348
CDC,2015,5	52,599
CDC,2015,6	52,285
CDC,2015,7	54,329
CDC,2015,8	52,494
CDC,2015,9	52,455
CDV,2015,1	60,450
CDV,2015,11	58,645
CDV,2015,12	60,267
CDV,2015,2	55,371
CDV,2015,3	62,767
CDV,2015,4	59,487
CDV,2015,5	62,309
CDV,2015,6	59,453
CDV,2015,7	62,497
CDV,2015,8	62,368
CDV,2015,9	60,572
CEC,2015,1	60,1254
CEC,2015,2	52,668
CEC,2015,3	57,674
CEC,2015,4	11,43
CHA,2015,1	305,3299
CHA,2015,11	395,5374
CHA,2015,12	367,5104
CHA,2015,2	309,5134
CHA,2015,3	374,4232
CHA,2015,4	395,3638
CHA,2015,5	415,5121
CHA,2015,6	392,7462
CHA,2015,7	401,3780
CHA,2015,8	404,4135
CHA,2015,9	385,3411
CHO,2015,1	189,5012
CHO,2015,11	213,2913
CHO,2015,12	184,3653
CHO,2015,2	159,4849
CHO,2015,3	200,3561
CHO,2015,4	174,1690
CHO,2015,5	198,2775
CHO,2015,6	176,2796
CHO,2015,7	196,2662
CHO,2015,8	206,4132
CHO,2015,9	223,2279
CHS,2015,1	901,11331
CHS,2015,11	1198,10123
CHS,2015,12	1059,11558
CHS,2015,2	729,11061
CHS,2015,3	1001,11932
CHS,2015,4	1153,12082
CHS,2015,5	1136,10755
CHS,2015,6	1072,15422
CHS,2015,7	1167,13613
CHS,2015,8	1130,12455
CHS,2015,9	1069,9177
CID,2015,1	636,14374
CID,2015,11	479,4576
CID,2015,12	535,5797
CID,2015,2	566,15079
CID,2015,3	628,9486
CID,2015,4	623,7312
CID,2015,5	701,7040
CID,2015,6	641,10601
CID,2015,7	701,7951
CID,2015,8	644,6708
CID,2015,9	477,3732
CIU,2015,1	57,1360
CIU,2015,11	59,511
CIU,2015,12	58,389
CIU,2015,2	49,912
CIU,2015,3	58,707
CIU,2015,4	54,706
CIU,2015,5	60,613
CIU,2015,6	22,305
CIU,2015,7	62,692
CIU,2015,8	62,844
CIU,2015,9	58,301
CLD,2015,1	200,1212
CLD,2015,2	180,2360
CLD,2015,3	208,2138
CLD,2015,4	39,178
CLE,2015,1	2912,41724
CLE,2015,11	3037,26369
CLE,2015,12	2788,32769
CLE,2015,2	2690,48114
CLE,2015,3	3049,41810
CLE,2015,4	3103,32858
CLE,2015,5	3355,42114
CLE,2015,6	3221,62887
CLE,2015,7	3324,44986
CLE,2015,8	3292,44143
CLE,2015,9	3115,25939
CLL,2015,1	198,2759
CLL,2015,11	212,787
CLL,2015,12	185,967
CLL,2015,2	166,2230
CLL,2015,3	179,2123
CLL,2015,4	197,2017
CLL,2015,5	210,2408
CLL,2015,6	221,2058
CLL,2015,7	215,1180
CLL,2015,8	216,1355
CLL,2015,9	204,884
CLT,2015,1	9186,79784
CLT,2015,11	9146,64012
CLT,2015,12	9188,95932
CLT,2015,2	7796,93767
CLT,2015,3	9258,86462
CLT,2015,4	8820,76798
CLT,2015,5	9169,67648
CLT,2015,6	8932,101738
CLT,2015,7	9310,95556
CLT,2015,8	9134,99666
CLT,2015,9	9043,70776
CMH,2015,1	1990,32679
CMH,2015,11	2142,17881
CMH,2015,12	2072,22446
CMH,2015,2	1801,29045
CMH,2015,3	2342,30790
CMH,2015,4	2238,20896
CMH,2015,5	2229,24259
CMH,2015,6	2275,38226
CMH,2015,7	2338,37142
CMH,2015,8	2222,26158
CMH,2015,9	2050,13976
CMI,2015,1	189,6200
CMI,2015,11	202,1912
CMI,2015,12	199,1836
CMI,2015,2	162,5075
CMI,2015,3	180,2680
CMI,2015,4	170,1539
CMI,2015,5	177,1464
CMI,2015,6	170,2605
CMI,2015,7	175,1604
CMI,2015,8	188,879
CMI,2015,9	193,1055
CMX,2015,1	50,736
CMX,2015,11	57,631
CMX,2015,12	57,625
CMX,2015,2	48,908
CMX,2015,3	57,656
CMX,2015,4	58,437
CMX,2015,5	59,188
CMX,2015,6	57,1732
CMX,2015,7	60,477
CMX,2015,8	59,519
CMX,2015,9	58,429
CNY,2015,1	54,39
CNY,2015,2	47,188
CNY,2015,3	53,119
CNY,2015,4	51,97
COD,2015,1	58,354
COD,2015,11	32,121
COD,2015,12	33,377
COD,2015,2	54,947
COD,2015,3	61,262
COD,2015,4	58,229
COD,2015,5	61,536
COD,2015,6	89,1270
COD,2015,7	98,1133
COD,2015,8	76,907
COD,2015,9	32,26
COS,2015,1	585,14458
COS,2015,11	567,8307
COS,2015,12	607,10211
COS,2015,2	533,11341
COS,2015,3	634,6779
COS,2015,4	647,8231
COS,2015,5	668,9826
COS,2015,6	670,14297
COS,2015,7	632,10663
COS,2015,8	637,9118
COS,2015,9	591,4620
COU,2015,1	121,3554
COU,2015,11	113,1410
COU,2015,12	122,812
COU,2015,2	99,3104
COU,2015,3	115,2170
COU,2015,4	113,1149
COU,2015,5	109,3621
COU,2015,6	112,3196
COU,2015,7	120,1633
COU,2015,8	119,1150
COU,2015,9	114,811
CPR,2015,1	164,2279
CPR,2015,11	132,758
CPR,2015,12	97,724
CPR,2015,2	144,1567
CPR,2015,3	198,980
CPR,2015,4	191,1301
CPR,2015,5	119,574
CPR,2015,6	164,1239
CPR,2015,7	212,1875
CPR,2015,8	188,783
CPR,2015,9	142,423
CRP,2015,1	536,7930
CRP,2015,11	369,3499
CRP,2015,12	320,3795
CRP,2015,2	485,6020
CRP,2015,3	558,8982
CRP,2015,4	548,8515
CRP,2015,5	548,10908
CRP,2015,6	372,6512
CRP,2015,7	365,2958
CRP,2015,8	332,3739
CRP,2015,9	300,1478
CRW,2015,1	174,3032
CRW,2015,11	212,2036
CRW,2015,12	208,2212
CRW,2015,2	155,3525
CRW,2015,3	231,3615
CRW,2015,4	234,2304
CRW,2015,5	240,3440
CRW,2015,6	222,3431
CRW,2015,7	221,2366
CRW,2015,8	224,3048
CRW,2015,9	212,2360
CSG,2015,1	80,1653
CSG,2015,11	103,1272
CSG,2015,12	74,1202
CSG,2015,2	90,1237
CSG,2015,3	111,1429
CSG,2015,4	112,1233
CSG,2015,5	109,1007
CSG,2015,6	75,939
CSG,2015,7	102,1299
CSG,2015,8	101,1349
CSG,2015,9	106,1323
CVG,2015,1	1656,24901
CVG,2015,11	1736,15186
CVG,2015,12	1614,19245
CVG,2015,2	1518,30483
CVG,2015,3	1819,21354
CVG,2015,4	1809,19051
CVG,2015,5	1921,22158
CVG,2015,6	1920,34429
CVG,2015,7	1895,30833
CVG,2015,8	1941,20423
CVG,2015,9	1770,16834
CWA,2015,1	111,3559
CWA,2015,11	156,1575
CWA,2015,12	122,1086
CWA,2015,2	112,3530
CWA,2015,3	138,1705
CWA,2015,4	118,1209
CWA,2015,5	118,1090
CWA,2015,6	115,2279
CWA,2015,7	114,1442
CWA,2015,8	126,1386
CWA,2015,9	134,1581
DAB,2015,1	119,513
DAB,2015,11	115,274
DAB,2015,12	130,1972
DAB,2015,2	126,1582
DAB,2015,3	155,870
DAB,2015,4	149,1168
DAB,2015,5	152,1223
DAB,2015,6	149,2031
DAB,2015,7	149,1497
DAB,2015,8	135,1383
DAB,2015,9	111,538
DAL,2015,1	5061,45509
DAL,2015,11	5654,51670
DAL,2015,12	5773,73983
DAL,2015,2	4485,43170
DAL,2015,3	5017,46542
DAL,2015,4	5127,54893
DAL,2015,5	5346,93893
DAL,2015,6	5325,76186
DAL,2015,7	5540,67373
DAL,2015,8	5765,55646
DAL,2015,9	5715,28757
DAY,2015,1	751,12109
DAY,2015,11	702,6062
DAY,2015,12	687,9460
DAY,2015,2	695,11499
DAY,2015,3	781,9772
DAY,2015,4	758,6711
DAY,2015,5	799,7635
DAY,2015,6	790,13188
DAY,2015,7	896,14375
DAY,2015,8	845,8602
DAY,2015,9	696,6179
DBQ,2015,1	71,1989
DBQ,2015,11	77,820
DBQ,2015,12	81,630
DBQ,2015,2	64,2446
DBQ,2015,3	79,857
DBQ,2015,4	81,646
DBQ,2015,5	82,311
DBQ,2015,6	81,1058
DBQ,2015,7	87,819
DBQ,2015,8	84,459
DBQ,2015,9	84,592
DCA,2015,1	6374,71861
DCA,2015,11	6434,53335
DCA,2015,12	6348,84930
DCA,2015,2	5687,81284
DCA,2015,3	6642,78040
DCA,2015,4	6788,57290
DCA,2015,5	6863,77703
DCA,2015,6	6530,107574
DCA,2015,7	6790,86753
DCA,2015,8	6872,83914
DCA,2015,9	6525,62498
DEN,2015,1	16764,251267
DEN,2015,11	16882,203711
DEN,2015,12	17586,277168
DEN,2015,2	15230,238134
DEN,2015,3	18444,204073
DEN,2015,4	17318,191011
DEN,2015,5	17943,217895
DEN,2015,6	18448,340311
DEN,2015,7	18957,277105
DEN,2015,8	18775,216242
DEN,2015,9	17353,121191
DFW,2015,1	22603,364865
DFW,2015,11	19309,229054
DFW,2015,12	20004,262363
DFW,2015,2	18762,298807
DFW,2015,3	22009,336633
DFW,2015,4	21490,359173
DFW,2015,5	21324,397286
DFW,2015,6	22178,395415
DFW,2015,7	22736,258945
DFW,2015,8	22129,259606
DFW,2015,9	20289,146478
DHN,2015,1	116,1831
DHN,2015,11	112,1205
DHN,2015,12	113,2107
DHN,2015,2	99,846
DHN,2015,3	119,1178
DHN,2015,4	115,1411
DHN,2015,5	115,934
DHN,2015,6	112,1625
DHN,2015,7	118,1170
DHN,2015,8	117,1255
DHN,2015,9	108,713
DIK,2015,1	108,1611
DIK,2015,11	55,118
DIK,2015,2	93,1508
DIK,2015,3	136,834
DIK,2015,4	148,1224
DIK,2015,5	132,988
DIK,2015,6	65,325
DIK,2015,7	64,106
DIK,2015,8	61,89
DIK,2015,9	59,55
DLG,2015,6	24,156
DLG,2015,7	31,140
DLG,2015,8	22,3
DLH,2015,1	147,2082
DLH,2015,11	185,2490
DLH,2015,12	176,2018
DLH,2015,2	127,2113
DLH,2015,3	101,662
DLH,2015,4	108,920
DLH,2015,5	124,690
DLH,2015,6	170,1625
DLH,2015,7	150,1587
DLH,2015,8	161,2287
DLH,2015,9	215,2477
DRO,2015,1	182,2131
DRO,2015,11	147,733
DRO,2015,12	188,1843
DRO,2015,2	153,2569
DRO,2015,3	183,1574
DRO,2015,4	195,2196
DRO,2015,5	198,1941
DRO,2015,6	203,2083
DRO,2015,7	206,1298
DRO,2015,8	195,1620
DRO,2015,9	179,646
DSM,2015,1	803,16185
DSM,2015,11	732,8256
DSM,2015,12	768,8265
DSM,2015,2	710,14734
DSM,2015,3	791,12129
DSM,2015,4	706,6508
DSM,2015,5	693,8802
DSM,2015,6	743,15572
DSM,2015,7	779,11051
DSM,2015,8	755,9229
DSM,2015,9	670,5147
DTW,2015,1	9255,114985
DTW,2015,11	9797,77560
DTW,2015,12	9525,107617
DTW,2015,2	8356,148166
DTW,2015,3	10105,117532
DTW,2015,4	9951,97598
DTW,2015,5	10397,117352
DTW,2015,6	9715,164264
DTW,2015,7	10436,120085
DTW,2015,8	10171,113451
DTW,2015,9	9363,83988
DVL,2015,1	41,1260
DVL,2015,11	44,786
DVL,2015,12	43,381
DVL,2015,2	36,593
DVL,2015,3	47,628
DVL,2015,4	47,472
DVL,2015,5	47,235
DVL,2015,6	47,559
DVL,2015,7	48,212
DVL,2015,8	40,220
DVL,2015,9	45,140
EAU,2015,1	59,1718
EAU,2015,11	57,743
EAU,2015,12	59,442
EAU,2015,2	53,825
EAU,2015,3	58,676
EAU,2015,4	58,362
EAU,2015,5	60,340
EAU,2015,6	54,888
EAU,2015,7	60,958
EAU,2015,8	60,1541
EAU,2015,9	60,451
ECP,2015,1	233,3001
ECP,2015,11	344,1545
ECP,2015,12	325,2964
ECP,2015,2	208,2312
ECP,2015,3	414,3341
ECP,2015,4	427,2980
ECP,2015,5	440,4764
ECP,2015,6	450,6788
ECP,2015,7	488,5574
ECP,2015,8	460,5227
ECP,2015,9	366,2068
EGE,2015,1	292,4866
EGE,2015,11	11,9
EGE,2015,12	179,4172
EGE,2015,2	253,4922
EGE,2015,3	287,4347
EGE,2015,4	48,679
EGE,2015,6	30,811
EGE,2015,7	44,671
EGE,2015,8	38,358
EGE,2015,9	30,473
EKO,2015,1	61,351
EKO,2015,11	41,692
EKO,2015,12	50,826
EKO,2015,2	52,114
EKO,2015,3	58,146
EKO,2015,4	53,526
EKO,2015,5	57,416
EKO,2015,6	55,116
EKO,2015,7	57,143
EKO,2015,8	29,65
EKO,2015,9	5,16
ELM,2015,1	159,3492
ELM,2015,11	191,1293
ELM,2015,12	167,1230
ELM,2015,2	160,4190
ELM,2015,3	186,2179
ELM,2015,4	191,2602
ELM,2015,5	195,1995
ELM,2015,6	185,2235
ELM,2015,7	197,3105
ELM,2015,8	197,1429
ELM,2015,9	182,2165
ELP,2015,1	1078,13951
ELP,2015,11	1061,11494
ELP,2015,12	1009,14457
ELP,2015,2	922,10649
ELP,2015,3	1123,11728
ELP,2015,4	1161,15049
ELP,2015,5	1139,20995
ELP,2015,6	1123,17053
ELP,2015,7	1136,16304
ELP,2015,8	1096,13099
ELP,2015,9	1021,5548
ERI,2015,1	121,2136
ERI,2015,11	54,601
ERI,2015,12	55,483
ERI,2015,2	68,1180
ERI,2015,3	66,391
ERI,2015,4	57,148
ERI,2015,5	60,230
ERI,2015,6	56,950
ERI,2015,7	60,990
ERI,2015,8	60,1232
ERI,2015,9	57,545
ESC,2015,1	49,1033
ESC,2015,11	48,228
ESC,2015,12	53,446
ESC,2015,2	44,631
ESC,2015,3	53,1078
ESC,2015,4	51,423
ESC,2015,5	52,221
ESC,2015,6	50,454
ESC,2015,7	54,211
ESC,2015,8	51,569
ESC,2015,9	52,438
EUG,2015,1	314,5212
EUG,2015,11	286,2485
EUG,2015,12	294,6520
EUG,2015,2	280,3491
EUG,2015,3	327,2923
EUG,2015,4	331,3674
EUG,2015,5	349,4050
EUG,2015,6	345,3810
EUG,2015,7	359,3972
EUG,2015,8	363,3477
EUG,2015,9	324,2304
EVV,2015,1	296,5873
EVV,2015,11	369,3048
EVV,2015,12	340,3143
EVV,2015,2	264,5066
EVV,2015,3	321,3503
EVV,2015,4	295,2612
EVV,2015,5	304,3146
EVV,2015,6	377,5862
EVV,2015,7	396,4249
EVV,2015,8	389,3088
EVV,2015,9	374,2688
EWN,2015,1	55,472
EWN,2015,11	55,567
EWN,2015,12	55,578
EWN,2015,2	49,491
EWN,2015,3	49,373
EWN,2015,4	45,475
EWN,2015,5	48,692
EWN,2015,6	47,577
EWN,2015,7	57,938
EWN,2015,8	57,1063
EWN,2015,9	52,744
EWR,2015,1	8031,121665
EWR,2015,11	9164,140318
EWR,2015,12	9418,184155
EWR,2015,2	7438,111774
EWR,2015,3	9003,143033
EWR,2015,4	9237,103457
EWR,2015,5	9140,120350
EWR,2015,6	9250,219654
EWR,2015,7	9671,202072
EWR,2015,8	9485,145704
EWR,2015,9	8643,85088
EYW,2015,1	243,2387
EYW,2015,11	171,2172
EYW,2015,12	205,3680
EYW,2015,2	202,2221
EYW,2015,3	216,1458
EYW,2015,4	200,1845
EYW,2015,5	138,1128
EYW,2015,6	146,4167
EYW,2015,7	157,2118
EYW,2015,8	171,1843
EYW,2015,9	104,961
FAI,2015,1	155,1234
FAI,2015,11	168,1127
FAI,2015,12	170,888
FAI,2015,2	138,1145
FAI,2015,3	171,2026
FAI,2015,4	170,1179
FAI,2015,5	209,1284
FAI,2015,6	264,3687
FAI,2015,7	276,3458
FAI,2015,8	261,3057
FAI,2015,9	186,905
FAR,2015,1	466,9192
FAR,2015,11	492,7310
FAR,2015,12	529,5544
FAR,2015,2	395,7947
FAR,2015,3	502,5326
FAR,2015,4	486,4563
FAR,2015,5	511,4427
FAR,2015,6	546,8197
FAR,2015,7	622,7220
FAR,2015,8	609,5934
FAR,2015,9	440,4555
FAT,2015,1	678,10374
FAT,2015,11	579,5695
FAT,2015,12	541,8641
FAT,2015,2	599,7484
FAT,2015,3	649,8083
FAT,2015,4	640,7637
FAT,2015,5	654,6755
FAT,2015,6	626,8838
FAT,2015,7	657,10101
FAT,2015,8	679,9474
FAT,2015,9	650,7509
FAY,2015,1	156,1488
FAY,2015,11	164,906
FAY,2015,12	150,2303
FAY,2015,2	139,1817
FAY,2015,3	142,1449
FAY,2015,4	126,1721
FAY,2015,5	164,1819
FAY,2015,6	146,1386
FAY,2015,7	149,1438
FAY,2015,8	150,2025
FAY,2015,9	134,990
FCA,2015,1	123,1523
FCA,2015,11	138,916
FCA,2015,12	145,2095
FCA,2015,2	119,1533
FCA,2015,3	154,812
FCA,2015,4	121,728
FCA,2015,5	144,640
FCA,2015,6	200,1844
FCA,2015,7	317,2428
FCA,2015,8	314,2687
FCA,2015,9	232,1751
FLG,2015,1	140,1787
FLG,2015,11	148,1427
FLG,2015,12	148,1035
FLG,2015,2	122,1125
FLG,2015,3	127,934
FLG,2015,4	122,1039
FLG,2015,5	152,1102
FLG,2015,6	169,2177
FLG,2015,7	178,2533
FLG,2015,8	167,2375
FLG,2015,9	139,861
FLL,2015,1	7021,78361
FLL,2015,11	6679,54655
FLL,2015,12	7553,126872
FLL,2015,2	6485,108351
FLL,2015,3	7660,104935
FLL,2015,4	6949,73926
FLL,2015,5	6471,74843
FLL,2015,6	6161,106064
FLL,2015,7	6413,93440
FLL,2015,8	6060,98289
FLL,2015,9	5310,64267
FNT,2015,1	379,5848
FNT,2015,11	425,2489
FNT,2015,12	385,4221
FNT,2015,2	329,6100
FNT,2015,3	442,4290
FNT,2015,4	456,3657
FNT,2015,5	481,5297
FNT,2015,6	438,7067
FNT,2015,7	459,5849
FNT,2015,8	455,6794
FNT,2015,9	380,2524
FSD,2015,1	592,11529
FSD,2015,11	434,6360
FSD,2015,12	353,4276
FSD,2015,2	500,11747
FSD,2015,3	523,6764
FSD,2015,4	507,5337
FSD,2015,5	430,4652
FSD,2015,6	499,8840
FSD,2015,7	481,5625
FSD,2015,8	452,6945
FSD,2015,9	427,3947
FSM,2015,1	194,2904
FSM,2015,11	166,1892
FSM,2015,12	173,3308
FSM,2015,2	169,2771
FSM,2015,3	193,2573
FSM,2015,4	173,3276
FSM,2015,5	168,2877
FSM,2015,6	169,3204
FSM,2015,7	171,2680
FSM,2015,8	169,1883
FSM,2015,9	170,1095
FWA,2015,1	281,5435
FWA,2015,11	483,5913
FWA,2015,12	437,6143
FWA,2015,2	338,8162
FWA,2015,3	504,5668
FWA,2015,4	516,5035
FWA,2015,5	536,5603
FWA,2015,6	484,6939
FWA,2015,7	515,6032
FWA,2015,8	515,5367
FWA,2015,9	499,3685
GCC,2015,1	117,1410
GCC,2015,11	85,723
GCC,2015,12	88,874
GCC,2015,2	83,752
GCC,2015,3	93,486
GCC,2015,4	83,917
GCC,2015,5	88,562
GCC,2015,6	86,785
GCC,2015,7	89,397
GCC,2015,8	88,325
GCC,2015,9	86,313
GCK,2015,1	60,775
GCK,2015,11	57,467
GCK,2015,12	58,132
GCK,2015,2	47,861
GCK,2015,3	59,736
GCK,2015,4	58,740
GCK,2015,5	59,1423
GCK,2015,6	59,815
GCK,2015,7	62,325
GCK,2015,8	61,246
GCK,2015,9	59,233
GEG,2015,1	818,10168
GEG,2015,11	821,7578
GEG,2015,12	871,12225
GEG,2015,2	765,7332
GEG,2015,3	908,7105
GEG,2015,4	843,7024
GEG,2015,5	847,5416
GEG,2015,6	897,10739
GEG,2015,7	928,11434
GEG,2015,8	939,9311
GEG,2015,9	828,4632
GFK,2015,1	50,1124
GFK,2015,11	116,1236
GFK,2015,12	110,794
GFK,2015,2	49,473
GFK,2015,3	3,0
GFK,2015,4	56,241
GFK,2015,5	51,233
GFK,2015,6	81,659
GFK,2015,7	33,72
GFK,2015,8	76,338
GFK,2015,9	90,543
GGG,2015,1	52,599
GGG,2015,11	55,117
GGG,2015,12	60,677
GGG,2015,2	45,384
GGG,2015,3	57,1028
GGG,2015,4	56,667
GGG,2015,5	58,710
GGG,2015,6	59,721
GGG,2015,7	61,203
GGG,2015,8	60,487
GGG,2015,9	55,272
GJT,2015,1	274,3342
GJT,2015,11	264,1404
GJT,2015,12	295,3039
GJT,2015,2	222,2655
GJT,2015,3	290,2010
GJT,2015,4	274,2695
GJT,2015,5	309,4102
GJT,2015,6	342,3367
GJT,2015,7	288,1554
GJT,2015,8	294,2599
GJT,2015,9	299,1587
GNV,2015,1	223,2202
GNV,2015,11	221,1389
GNV,2015,12	250,2659
GNV,2015,2	205,2605
GNV,2015,3	266,3722
GNV,2015,4	253,3159
GNV,2015,5	252,2990
GNV,2015,6	239,4346
GNV,2015,7	242,3617
GNV,2015,8	251,4858
GNV,2015,9	248,2336
GPT,2015,1	334,3746
GPT,2015,11	274,2105
GPT,2015,12	258,2298
GPT,2015,2	301,3551
GPT,2015,3	370,3522
GPT,2015,4	357,3225
GPT,2015,5	348,4727
GPT,2015,6	340,5770
GPT,2015,7	332,3032
GPT,2015,8	325,3732
GPT,2015,9	299,1904
GRB,2015,1	346,6257
GRB,2015,11	429,3821
GRB,2015,12	354,4096
GRB,2015,2	344,8386
GRB,2015,3	524,5438
GRB,2015,4	425,3338
GRB,2015,5	330,2631
GRB,2015,6	480,6565
GRB,2015,7	534,5258
GRB,2015,8	509,4895
GRB,2015,9	462,4459
GRI,2015,1	57,605
GRI,2015,11	55,658
GRI,2015,12	59,177
GRI,2015,2	49,1218
GRI,2015,3	57,519
GRI,2015,4	55,1058
GRI,2015,5	56,516
GRI,2015,6	54,469
GRI,2015,7	58,462
GRI,2015,8	57,341
GRI,2015,9	56,159
GRK,2015,1	375,5332
GRK,2015,11	330,2884
GRK,2015,12	325,3417
GRK,2015,2	328,5543
GRK,2015,3	366,5323
GRK,2015,4	356,3736
GRK,2015,5	352,5823
GRK,2015,6	366,5596
GRK,2015,7	375,4470
GRK,2015,8	369,4314
GRK,2015,9	344,1738
GRR,2015,1	1013,16997
GRR,2015,11	884,9482
GRR,2015,12	821,10080
GRR,2015,2	870,16234
GRR,2015,3	1048,14160
GRR,2015,4	1028,10475
GRR,2015,5	1081,11658
GRR,2015,6	946,13789
GRR,2015,7	956,11029
GRR,2015,8	992,11933
GRR,2015,9	946,7623
GSO,2015,1	636,9606
GSO,2015,11	509,4327
GSO,2015,12	444,6141
GSO,2015,2	573,11962
GSO,2015,3	709,11098
GSO,2015,4	677,8075
GSO,2015,5	660,8627
GSO,2015,6	556,8263
GSO,2015,7	530,8602
GSO,2015,8	553,8383
GSO,2015,9	639,5239
GSP,2015,1	536,8041
GSP,2015,11	613,5209
GSP,2015,12	612,5913
GSP,2015,2	450,5672
GSP,2015,3	604,6225
GSP,2015,4	621,5780
GSP,2015,5	654,7445
GSP,2015,6	594,10268
GSP,2015,7	588,6195
GSP,2015,8	572,6760
GSP,2015,9	566,4252
GST,2015,6	24,330
GST,2015,7	30,555
GST,2015,8	22,244
GTF,2015,1	143,2263
GTF,2015,11	160,1303
GTF,2015,12	161,1646
GTF,2015,2	130,1118
GTF,2015,3	144,858
GTF,2015,4	162,1107
GTF,2015,5	197,696
GTF,2015,6	205,1952
GTF,2015,7	230,1032
GTF,2015,8	227,1609
GTF,2015,9	190,666
GTR,2015,1	84,956
GTR,2015,11	83,917
GTR,2015,12	75,754
GTR,2015,2	71,999
GTR,2015,3	87,709
GTR,2015,4	84,661
GTR,2015,5	86,523
GTR,2015,6	85,1160
GTR,2015,7	87,1401
GTR,2015,8	87,1474
GTR,2015,9	85,684
GUC,2015,1	74,1378
GUC,2015,11	2,184
GUC,2015,12	48,879
GUC,2015,2	77,1100
GUC,2015,3	107,810
GUC,2015,4	25,127
GUC,2015,5	6,13
GUC,2015,6	18,721
GUC,2015,7	50,1542
GUC,2015,8	44,680
GUC,2015,9	23,296
GUM,2015,1	31,609
GUM,2015,11	30,2117
GUM,2015,12	31,778
GUM,2015,2	28,408
GUM,2015,3	30,820
GUM,2015,4	30,447
GUM,2015,5	30,312
GUM,2015,6	30,322
GUM,2015,7	31,723
GUM,2015,8	31,536
GUM,2015,9	30,83
HDN,2015,1	151,2156
HDN,2015,12	123,2919
HDN,2015,2	150,1688
HDN,2015,3	171,1826
HDN,2015,4	21,123
HDN,2015,6	6,255
HDN,2015,7	31,242
HDN,2015,8	31,389
HDN,2015,9	8,34
HIB,2015,1	76,653
HIB,2015,11	78,885
HIB,2015,12	84,488
HIB,2015,2	76,1375
HIB,2015,3	84,358
HIB,2015,4	80,338
HIB,2015,5	83,306
HIB,2015,6	78,977
HIB,2015,7	84,339
HIB,2015,8	83,339
HIB,2015,9	82,410
HLN,2015,1	109,791
HLN,2015,11	139,1475
HLN,2015,12	116,1008
HLN,2015,2	104,1051
HLN,2015,3	115,525
HLN,2015,4	136,939
HLN,2015,5	143,755
HLN,2015,6	138,1444
HLN,2015,7	146,1221
HLN,2015,8	146,498
HLN,2015,9	136,734
HNL,2015,1	3879,42327
HNL,2015,11	3728,21746
HNL,2015,12	3981,27761
HNL,2015,2	3462,50136
HNL,2015,3	3933,46748
HNL,2015,4	3798,28226
HNL,2015,5	3995,36313
HNL,2015,6	4124,46656
HNL,2015,7	4294,38267
HNL,2015,8	4159,55115
HNL,2015,9	3640,32217
HOB,2015,1	44,362
HOB,2015,11	48,276
HOB,2015,12	44,282
HOB,2015,2	45,493
HOB,2015,3	52,458
HOB,2015,4	51,451
HOB,2015,5	54,649
HOB,2015,6	53,1141
HOB,2015,7	57,278
HOB,2015,8	49,887
HOB,2015,9	45,79
HOU,2015,1	4564,44600
HOU,2015,11	4656,37512
HOU,2015,12	4734,60080
HOU,2015,2	4062,37858
HOU,2015,3	4711,49291
HOU,2015,4	4634,55539
HOU,2015,5	4664,76680
HOU,2015,6	4791,69958
HOU,2015,7	5047,65669
HOU,2015,8	4838,57530
HOU,2015,9	4564,23879
HPN,2015,1	657,11031
HPN,2015,11	651,8452
HPN,2015,12	593,11288
HPN,2015,2	618,16229
HPN,2015,3	656,10747
HPN,2015,4	665,5739
HPN,2015,5	683,7775
HPN,2015,6	660,10961
HPN,2015,7	693,10913
HPN,2015,8	689,11255
HPN,2015,9	642,9664
HRL,2015,1	286,2198
HRL,2015,11	277,2550
HRL,2015,12	272,2356
HRL,2015,2	260,1581
HRL,2015,3	287,2590
HRL,2015,4	280,3316
HRL,2015,5	277,5293
HRL,2015,6	270,3278
HRL,2015,7	289,2397
HRL,2015,8	279,2986
HRL,2015,9	266,965
HSV,2015,1	414,5526
HSV,2015,11	357,3742
HSV,2015,12	379,3743
HSV,2015,2	350,3959
HSV,2015,3	430,4342
HSV,2015,4	425,3710
HSV,2015,5	431,6489
HSV,2015,6	433,8031
HSV,2015,7	422,3891
HSV,2015,8	435,4633
HSV,2015,9	375,1986
HYA,2015,6	12,67
HYA,2015,7	31,350
HYA,2015,8	31,411
HYA,2015,9	8,27
HYS,2015,1	51,748
HYS,2015,11	50,555
HYS,2015,12	51,435
HYS,2015,2	47,874
HYS,2015,3	53,317
HYS,2015,4	52,156
HYS,2015,5	53,209
HYS,2015,6	52,325
HYS,2015,7	52,526
HYS,2015,8	51,296
HYS,2015,9	51,159
IAD,2015,1	3612,57518
IAD,2015,11	2672,22243
IAD,2015,12	2771,33671
IAD,2015,2	2858,43210
IAD,2015,3	2951,35892
IAD,2015,4	2932,27621
IAD,2015,5	3225,37227
IAD,2015,6	3316,59567
IAD,2015,7	3300,43095
IAD,2015,8	3197,39762
IAD,2015,9	2921,23367
IAG,2015,1	30,436
IAG,2015,11	28,289
IAG,2015,12	30,458
IAG,2015,2	29,379
IAG,2015,3	38,739
IAG,2015,4	31,357
IAG,2015,5	27,121
IAG,2015,6	24,853
IAG,2015,7	27,416
IAG,2015,8	27,669
IAG,2015,9	22,204
IAH,2015,1	13196,166151
IAH,2015,11	12584,143930
IAH,2015,12	12273,175762
IAH,2015,2	11967,140901
IAH,2015,3	13808,166023
IAH,2015,4	13295,184014
IAH,2015,5	14070,276794
IAH,2015,6	13802,272425
IAH,2015,7	13874,168777
IAH,2015,8	13255,163248
IAH,2015,9	12127,89365
ICT,2015,1	640,11285
ICT,2015,11	702,7505
ICT,2015,12	714,7791
ICT,2015,2	606,11026
ICT,2015,3	741,6962
ICT,2015,4	736,7752
ICT,2015,5	755,9506
ICT,2015,6	812,13933
ICT,2015,7	769,9420
ICT,2015,8	771,10443
ICT,2015,9	685,5669
IDA,2015,1	183,3547
IDA,2015,11	191,1226
IDA,2015,12	205,2055
IDA,2015,2	159,1490
IDA,2015,3	172,783
IDA,2015,4	182,1726
IDA,2015,5	194,1011
IDA,2015,6	229,1614
IDA,2015,7	264,1458
IDA,2015,8	252,1707
IDA,2015,9	201,987
ILG,2015,1	26,419
ILG,2015,2	18,514
ILG,2015,3	26,829
ILG,2015,4	25,719
ILM,2015,1	149,1158
ILM,2015,11	207,1702
ILM,2015,12	182,2241
ILM,2015,2	124,697
ILM,2015,3	149,2065
ILM,2015,4	135,1107
ILM,2015,5	133,1204
ILM,2015,6	184,2612
ILM,2015,7	193,2181
ILM,2015,8	186,1999
ILM,2015,9	192,1515
IMT,2015,1	56,974
IMT,2015,11	53,521
IMT,2015,12	57,474
IMT,2015,2	51,305
IMT,2015,3	57,403
IMT,2015,4	56,203
IMT,2015,5	56,196
IMT,2015,6	56,479
IMT,2015,7	58,252
IMT,2015,8	57,228
IMT,2015,9	56,90
IND,2015,1	2039,26807
IND,2015,11	2430,22481
IND,2015,12	2455,29159
IND,2015,2	1803,26144
IND,2015,3	2359,28521
IND,2015,4	2336,24101
IND,2015,5	2330,28433
IND,2015,6	2372,37011
IND,2015,7	2532,36414
IND,2015,8	2344,27701
IND,2015,9	2157,14407
INL,2015,1	53,349
INL,2015,11	49,279
INL,2015,12	54,614
INL,2015,2	48,672
INL,2015,3	53,370
INL,2015,4	51,122
INL,2015,5	51,414
INL,2015,6	51,274
INL,2015,7	52,586
INL,2015,8	54,392
INL,2015,9	52,262
ISN,2015,1	256,4234
ISN,2015,11	213,1957
ISN,2015,12	183,1422
ISN,2015,2	223,3174
ISN,2015,3	272,1860
ISN,2015,4	232,1861
ISN,2015,5	245,1124
ISN,2015,6	238,2704
ISN,2015,7	248,2441
ISN,2015,8	230,1755
ISN,2015,9	178,1240
ISP,2015,1	357,4230
ISP,2015,11	392,3960
ISP,2015,12	401,5704
ISP,2015,2	312,4557
ISP,2015,3	413,6129
ISP,2015,4	426,4385
ISP,2015,5	450,4667
ISP,2015,6	390,6619
ISP,2015,7	405,8840
ISP,2015,8	374,7441
ISP,2015,9	350,5143
ITH,2015,12	21,283
ITH,2015,2	4,69
ITH,2015,4	6,17
ITO,2015,1	504,3638
ITO,2015,11	479,1591
ITO,2015,12	505,1450
ITO,2015,2	460,2783
ITO,2015,3	536,1948
ITO,2015,4	531,1541
ITO,2015,5	544,1884
ITO,2015,6	542,1848
ITO,2015,7	564,2571
ITO,2015,8	555,4990
ITO,2015,9	493,3189
JAC,2015,1	347,7538
JAC,2015,11	127,1058
JAC,2015,12	353,9004
JAC,2015,2	312,4753
JAC,2015,3	368,2682
JAC,2015,4	157,1119
JAC,2015,5	177,1435
JAC,2015,6	337,6699
JAC,2015,7	477,7164
JAC,2015,8	484,5171
JAC,2015,9	327,2556
JAN,2015,1	627,7898
JAN,2015,11	623,5920
JAN,2015,12	600,7281
JAN,2015,2	519,7722
JAN,2015,3	623,7308
JAN,2015,4	615,7855
JAN,2015,5	646,10326
JAN,2015,6	677,9801
JAN,2015,7	695,6456
JAN,2015,8	688,6312
JAN,2015,9	623,3413
JAX,2015,1	1474,17549
JAX,2015,11	1645,14310
JAX,2015,12	1714,22905
JAX,2015,2	1276,18950
JAX,2015,3	1683,18097
JAX,2015,4	1712,18464
JAX,2015,5	1720,17152
JAX,2015,6	1671,25508
JAX,2015,7	1734,24298
JAX,2015,8	1660,23797
JAX,2015,9	1544,13957
JFK,2015,1	7992,130541
JFK,2015,11	7690,80916
JFK,2015,12	8196,150274
JFK,2015,2	7247,162139
JFK,2015,3	8435,198196
JFK,2015,4	8495,154197
JFK,2015,5	8794,127419
JFK,2015,6	8732,152244
JFK,2015,7	9135,142193
JFK,2015,8	9114,124140
JFK,2015,9	8003,95500
JLN,2015,1	59,757
JLN,2015,11	58,986
JLN,2015,12	61,1091
JLN,2015,2	48,843
JLN,2015,3	59,1185
JLN,2015,4	58,969
JLN,2015,5	59,932
JLN,2015,6	59,866
JLN,2015,7	60,1105
JLN,2015,8	60,603
JLN,2015,9	59,503
JMS,2015,1	72,2055
JMS,2015,11	67,818
JMS,2015,12	70,300
JMS,2015,2	65,1047
JMS,2015,3	73,834
JMS,2015,4	73,723
JMS,2015,5	73,378
JMS,2015,6	73,827
JMS,2015,7	76,401
JMS,2015,8	67,787
JMS,2015,9	70,249
JNU,2015,1	299,2649
JNU,2015,11	309,4314
JNU,2015,12	326,2707
JNU,2015,2	272,3053
JNU,2015,3	305,3718
JNU,2015,4	299,2547
JNU,2015,5	375,1831
JNU,2015,6	482,4206
JNU,2015,7	521,5475
JNU,2015,8	512,4852
JNU,2015,9	369,2737
KOA,2015,1	990,7746
KOA,2015,11	919,3557
KOA,2015,12	986,4850
KOA,2015,2	905,8004
KOA,2015,3	1038,8436
KOA,2015,4	946,3972
KOA,2015,5	981,5221
KOA,2015,6	1124,5881
KOA,2015,7	1172,6258
KOA,2015,8	1134,10245
KOA,2015,9	904,5174
KTN,2015,1	184,1852
KTN,2015,11	178,1785
KTN,2015,12	183,1450
KTN,2015,2	167,1673
KTN,2015,3	186,2596
KTN,2015,4	179,1762
KTN,2015,5	215,1243
KTN,2015,6	262,2537
KTN,2015,7	280,3322
KTN,2015,8	268,2732
KTN,2015,9	206,1611
LAN,2015,1	185,3396
LAN,2015,11	199,2417
LAN,2015,12	200,1754
LAN,2015,2	173,4358
LAN,2015,3	130,685
LAN,2015,4	188,1003
LAN,2015,5	104,583
LAN,2015,6	150,2154
LAN,2015,7	167,2270
LAN,2015,8	145,1160
LAN,2015,9	150,895
LAR,2015,1	61,820
LAR,2015,11	49,603
LAR,2015,12	50,667
LAR,2015,2	45,843
LAR,2015,3	52,310
LAR,2015,4	48,618
LAR,2015,5	47,254
LAR,2015,6	49,315
LAR,2015,7	54,369
LAR,2015,8	51,212
LAR,2015,9	52,131
LAS,2015,1	11520,113529
LAS,2015,11	11849,108832
LAS,2015,12	11994,152614
LAS,2015,2	10403,129772
LAS,2015,3	12299,134811
LAS,2015,4	12076,128518
LAS,2015,5	12673,143400
LAS,2015,6	12245,174444
LAS,2015,7	12639,170637
LAS,2015,8	12635,148447
LAS,2015,9	12005,78149
LAW,2015,1	114,1737
LAW,2015,11	104,649
LAW,2015,12	115,527
LAW,2015,2	95,1674
LAW,2015,3	112,1975
LAW,2015,4	114,2097
LAW,2015,5	110,1784
LAW,2015,6	114,2220
LAW,2015,7	122,1253
LAW,2015,8	121,1413
LAW,2015,9	120,814
LAX,2015,1	17072,184951
LAX,2015,11	16359,171128
LAX,2015,12	16840,272193
LAX,2015,2	15410,216806
LAX,2015,3	17810,255193
LAX,2015,4	17307,201426
LAX,2015,5	17870,215522
LAX,2015,6	18265,290571
LAX,2015,7	19077,373010
LAX,2015,8	19022,284668
LAX,2015,9	17405,168740
LBB,2015,1	449,6053
LBB,2015,11	412,5208
LBB,2015,12	388,4494
LBB,2015,2	400,4955
LBB,2015,3	392,4655
LBB,2015,4	431,4698
LBB,2015,5	399,8627
LBB,2015,6	388,6116
LBB,2015,7	419,5199
LBB,2015,8	411,4356
LBB,2015,9	389,2059
LBE,2015,1	93,1667
LBE,2015,11	94,913
LBE,2015,12	86,1337
LBE,2015,2	87,2324
LBE,2015,3	106,1402
LBE,2015,4	109,1279
LBE,2015,5	136,2071
LBE,2015,6	135,4053
LBE,2015,7	143,2418
LBE,2015,8	142,3759
LBE,2015,9	118,927
LCH,2015,1	146,1766
LCH,2015,11	178,508
LCH,2015,12	170,1229
LCH,2015,2	159,1763
LCH,2015,3	176,2051
LCH,2015,4	162,1950
LCH,2015,5	157,2334
LCH,2015,6	172,2606
LCH,2015,7	155,1387
LCH,2015,8	171,1532
LCH,2015,9	163,754
LEX,2015,1	495,8678
LEX,2015,11	478,5238
LEX,2015,12	451,4114
LEX,2015,2	396,6292
LEX,2015,3	516,4807
LEX,2015,4	591,4715
LEX,2015,5	565,4455
LEX,2015,6	594,7981
LEX,2015,7	606,6719
LEX,2015,8	584,6187
LEX,2015,9	545,4288
LFT,2015,1	488,6481
LFT,2015,11	386,2635
LFT,2015,12	391,3462
LFT,2015,2	424,4535
LFT,2015,3	498,6555
LFT,2015,4	499,5991
LFT,2015,5	504,7033
LFT,2015,6	491,7745
LFT,2015,7	471,3790
LFT,2015,8	455,4793
LFT,2015,9	425,2510
LGA,2015,1	8664,167634
LGA,2015,11	7828,95569
LGA,2015,12	7660,125980
LGA,2015,2	7895,200615
LGA,2015,3	9402,206576
LGA,2015,4	9297,118971
LGA,2015,5	9146,157152
LGA,2015,6	8770,201563
LGA,2015,7	9143,187802
LGA,2015,8	9057,130869
LGA,2015,9	8301,88121
LGB,2015,1	759,5459
LGB,2015,11	730,7850
LGB,2015,12	758,13098
LGB,2015,2	669,8545
LGB,2015,3	757,6297
LGB,2015,4	755,5059
LGB,2015,5	832,7591
LGB,2015,6	858,7884
LGB,2015,7	910,9296
LGB,2015,8	908,11076
LGB,2015,9	783,6718
LIH,2015,1	956,6615
LIH,2015,11	913,3509
LIH,2015,12	998,5580
LIH,2015,2	841,6767
LIH,2015,3	944,7507
LIH,2015,4	903,4065
LIH,2015,5	945,5066
LIH,2015,6	1038,5687
LIH,2015,7	1083,6198
LIH,2015,8	1056,8612
LIH,2015,9	850,5562
LIT,2015,1	884,15467
LIT,2015,11	873,8861
LIT,2015,12	866,10783
LIT,2015,2	762,11672
LIT,2015,3	945,13035
LIT,2015,4	882,8792
LIT,2015,5	924,12150
LIT,2015,6	1033,20433
LIT,2015,7	1049,12290
LIT,2015,8	1021,11391
LIT,2015,9	955,7037
LNK,2015,1	194,3147
LNK,2015,11	246,4049
LNK,2015,12	212,3462
LNK,2015,2	181,3362
LNK,2015,3	230,2762
LNK,2015,4	286,2557
LNK,2015,5	266,2875
LNK,2015,6	197,2591
LNK,2015,7	229,3520
LNK,2015,8	232,3186
LNK,2015,9	304,3344
LRD,2015,1	203,2206
LRD,2015,11	194,1571
LRD,2015,12	185,2063
LRD,2015,2	170,1567
LRD,2015,3	197,3333
LRD,2015,4	198,1963
LRD,2015,5	191,2308
LRD,2015,6	196,2400
LRD,2015,7	206,1019
LRD,2015,8	202,1243
LRD,2015,9	196,889
LSE,2015,1	106,3090
LSE,2015,11	158,1301
LSE,2015,12	182,1383
LSE,2015,2	98,3163
LSE,2015,3	184,1470
LSE,2015,4	127,647
LSE,2015,5	112,747
LSE,2015,6	154,1895
LSE,2015,7	160,988
LSE,2015,8	162,1054
LSE,2015,9	145,1005
LWS,2015,1	53,72
LWS,2015,11	55,91
LWS,2015,12	58,841
LWS,2015,2	48,189
LWS,2015,3	49,216
LWS,2015,4	47,74
LWS,2015,5	48,135
LWS,2015,6	56,197
LWS,2015,7	62,28
LWS,2015,8	60,72
LWS,2015,9	51,30
MAF,2015,1	773,11188
MAF,2015,11	509,5748
MAF,2015,12	519,5655
MAF,2015,2	705,8880
MAF,2015,3	851,9939
MAF,2015,4	734,7707
MAF,2015,5	681,13626
MAF,2015,6	626,10901
MAF,2015,7	651,8338
MAF,2015,8	636,7652
MAF,2015,9	615,3092
MBS,2015,1	161,2896
MBS,2015,11	139,1330
MBS,2015,12	144,2489
MBS,2015,2	139,2823
MBS,2015,3	161,1363
MBS,2015,4	197,2728
MBS,2015,5	182,997
MBS,2015,6	153,1491
MBS,2015,7	144,1968
MBS,2015,8	135,1476
MBS,2015,9	112,1252
MCI,2015,1	3192,40420
MCI,2015,11	3489,30344
MCI,2015,12	3345,40893
MCI,2015,2	2761,33504
MCI,2015,3	3489,34455
MCI,2015,4	3600,36619
MCI,2015,5	3755,48462
MCI,2015,6	3790,65297
MCI,2015,7	3786,54290
MCI,2015,8	3633,43341
MCI,2015,9	3372,22858
MCO,2015,1	9887,127220
MCO,2015,11	9853,84504
MCO,2015,12	10737,151651
MCO,2015,2	8952,144434
MCO,2015,3	11141,153370
MCO,2015,4	10436,110778
MCO,2015,5	10330,111521
MCO,2015,6	10149,169317
MCO,2015,7	10462,155722
MCO,2015,8	9586,154274
MCO,2015,9	8363,85051
MDT,2015,1	290,3532
MDT,2015,11	323,2718
MDT,2015,12	259,2655
MDT,2015,2	280,6464
MDT,2015,3	378,3596
MDT,2015,4	298,2578
MDT,2015,5	319,3500
MDT,2015,6	287,5727
MDT,2015,7	276,3785
MDT,2015,8	290,3140
MDT,2015,9	235,2021
MDW,2015,1	6536,71648
MDW,2015,11	6784,51595
MDW,2015,12	6801,76629
MDW,2015,2	5606,62466
MDW,2015,3	7166,75570
MDW,2015,4	7379,67219
MDW,2015,5	7503,83748
MDW,2015,6	7770,118972
MDW,2015,7	8297,117493
MDW,2015,8	7876,81341
MDW,2015,9	7313,48965
MEI,2015,1	84,1434
MEI,2015,11	80,877
MEI,2015,12	86,1260
MEI,2015,2	72,1293
MEI,2015,3	80,1453
MEI,2015,4	82,1168
MEI,2015,5	81,2583
MEI,2015,6	82,1980
MEI,2015,7	85,425
MEI,2015,8	83,619
MEI,2015,9	82,208
MEM,2015,1	1215,15387
MEM,2015,11	1437,13585
MEM,2015,12	1201,13195
MEM,2015,2	1030,14093
MEM,2015,3	1298,16648
MEM,2015,4	1532,18399
MEM,2015,5	1474,17447
MEM,2015,6	1302,21602
MEM,2015,7	1347,20065
MEM,2015,8	1317,15078
MEM,2015,9	1334,8377
MFE,2015,1	371,4138
MFE,2015,11	197,2847
MFE,2015,12	185,1691
MFE,2015,2	328,2964
MFE,2015,3	353,5179
MFE,2015,4	401,5428
MFE,2015,5	392,8441
MFE,2015,6	329,5497
MFE,2015,7	252,3990
MFE,2015,8	256,2150
MFE,2015,9	239,1370
MFR,2015,1	214,3462
MFR,2015,11	229,1952
MFR,2015,12	234,4722
MFR,2015,2	182,2910
MFR,2015,3	213,1737
MFR,2015,4	203,2261
MFR,2015,5	224,3291
MFR,2015,6	209,2476
MFR,2015,7	243,2235
MFR,2015,8	247,2721
MFR,2015,9	237,2011
MGM,2015,1	280,4033
MGM,2015,11	289,2574
MGM,2015,12	287,4636
MGM,2015,2	243,3749
MGM,2015,3	293,4443
MGM,2015,4	282,3380
MGM,2015,5	284,4085
MGM,2015,6	285,4969
MGM,2015,7	292,4175
MGM,2015,8	289,3676
MGM,2015,9	301,2278
MHK,2015,1	141,3160
MHK,2015,11	139,1436
MHK,2015,12	149,1022
MHK,2015,2	117,3692
MHK,2015,3	148,2370
MHK,2015,4	141,1086
MHK,2015,5	142,1707
MHK,2015,6	144,1835
MHK,2015,7	151,1383
MHK,2015,8	153,995
MHK,2015,9	147,969
MHT,2015,1	439,6479
MHT,2015,11	558,4971
MHT,2015,12	538,5583
MHT,2015,2	366,5159
MHT,2015,3	605,9708
MHT,2015,4	638,6404
MHT,2015,5	612,5736
MHT,2015,6	583,9538
MHT,2015,7	588,11368
MHT,2015,8	607,10213
MHT,2015,9	605,6588
MIA,2015,1	6560,90349
MIA,2015,11	5885,55744
MIA,2015,12	6577,101737
MIA,2015,2	5812,90800
MIA,2015,3	6640,94655
MIA,2015,4	6430,69891
MIA,2015,5	6312,82989
MIA,2015,6	6114,101454
MIA,2015,7	6345,96088
MIA,2015,8	6255,89331
MIA,2015,9	5616,66615
MKE,2015,1	2502,34055
MKE,2015,11	2672,24272
MKE,2015,12	2549,32968
MKE,2015,2	2222,35499
MKE,2015,3	2908,30031
MKE,2015,4	2799,26229
MKE,2015,5	2769,24919
MKE,2015,6	2736,43296
MKE,2015,7	2872,35080
MKE,2015,8	2727,30537
MKE,2015,9	2539,16035
MKG,2015,1	53,1092
MKG,2015,11	57,905
MKG,2015,12	57,930
MKG,2015,2	46,1275
MKG,2015,3	59,719
MKG,2015,4	56,520
MKG,2015,5	59,301
MKG,2015,6	55,1082
MKG,2015,7	59,728
MKG,2015,8	59,675
MKG,2015,9	59,423
MLB,2015,1	118,488
MLB,2015,11	111,459
MLB,2015,12	129,2003
MLB,2015,2	105,938
MLB,2015,3	124,833
MLB,2015,4	120,983
MLB,2015,5	115,827
MLB,2015,6	135,1722
MLB,2015,7	131,1188
MLB,2015,8	132,1431
MLB,2015,9	108,999
MLI,2015,1	402,7270
MLI,2015,11	291,2902
MLI,2015,12	264,2741
MLI,2015,2	357,6939
MLI,2015,3	335,4802
MLI,2015,4	398,3756
MLI,2015,5	306,2961
MLI,2015,6	320,6187
MLI,2015,7	310,4025
MLI,2015,8	309,3894
MLI,2015,9	342,2328
MLU,2015,1	244,2710
MLU,2015,11	270,2871
MLU,2015,12	252,2783
MLU,2015,2	199,2717
MLU,2015,3	258,3859
MLU,2015,4	276,3788
MLU,2015,5	272,4142
MLU,2015,6	277,6130
MLU,2015,7	288,2848
MLU,2015,8	285,2886
MLU,2015,9	268,1535
MMH,2015,1	35,396
MMH,2015,12	10,597
MMH,2015,2	36,371
MMH,2015,3	52,446
MMH,2015,4	7,191
MOB,2015,1	438,5816
MOB,2015,11	456,4901
MOB,2015,12	453,4968
MOB,2015,2	395,4588
MOB,2015,3	455,6217
MOB,2015,4	446,4499
MOB,2015,5	452,7162
MOB,2015,6	453,6689
MOB,2015,7	475,5253
MOB,2015,8	462,4731
MOB,2015,9	444,4387
MOT,2015,1	162,2953
MOT,2015,11	187,2130
MOT,2015,12	157,992
MOT,2015,2	126,2157
MOT,2015,3	135,1551
MOT,2015,4	110,1128
MOT,2015,5	145,1040
MOT,2015,6	177,1786
MOT,2015,7	216,1982
MOT,2015,8	204,1503
MOT,2015,9	203,1381
MQT,2015,1	26,1234
MQT,2015,11	24,194
MQT,2015,12	43,546
MQT,2015,2	23,895
MQT,2015,3	27,217
MQT,2015,4	26,434
MQT,2015,5	26,423
MQT,2015,6	25,546
MQT,2015,7	27,522
MQT,2015,8	25,181
MQT,2015,9	26,1575
MRY,2015,1	314,3554
MRY,2015,11	228,1568
MRY,2015,12	211,2567
MRY,2015,2	278,3834
MRY,2015,3	252,2489
MRY,2015,4	263,2111
MRY,2015,5	255,2732
MRY,2015,6	242,3247
MRY,2015,7	292,3607
MRY,2015,8	276,4693
MRY,2015,9	236,2463
MSN,2015,1	792,12566
MSN,2015,11	730,7410
MSN,2015,12	718,6547
MSN,2015,2	735,14249
MSN,2015,3	839,8578
MSN,2015,4	739,6021
MSN,2015,5	840,7377
MSN,2015,6	876,13309
MSN,2015,7	900,10669
MSN,2015,8	865,9295
MSN,2015,9	842,5932
MSO,2015,1	132,1213
MSO,2015,11	127,855
MSO,2015,12	175,1887
MSO,2015,2	112,825
MSO,2015,3	150,629
MSO,2015,4	144,784
MSO,2015,5	178,868
MSO,2015,6	232,2484
MSO,2015,7	301,3105
MSO,2015,8	282,2890
MSO,2015,9	230,699
MSP,2015,1	8788,107940
MSP,2015,11	9774,100342
MSP,2015,12	9706,120581
MSP,2015,2	8037,117130
MSP,2015,3	9837,106246
MSP,2015,4	9975,92216
MSP,2015,5	10427,108316
MSP,2015,6	11250,163299
MSP,2015,7	11752,131909
MSP,2015,8	11575,116799
MSP,2015,9	10149,86412
MSY,2015,1	3308,32889
MSY,2015,11	3532,27814
MSY,2015,12	3456,46600
MSY,2015,2	3169,38859
MSY,2015,3	3871,41045
MSY,2015,4	3722,44404
MSY,2015,5	3674,49271
MSY,2015,6	3451,56230
MSY,2015,7	3568,43921
MSY,2015,8	3401,37436
MSY,2015,9	3288,19927
MTJ,2015,1	166,2514
MTJ,2015,11	24,373
MTJ,2015,12	123,2508
MTJ,2015,2	162,3619
MTJ,2015,3	144,1737
MTJ,2015,4	21,228
MTJ,2015,5	1,0
MTJ,2015,6	86,966
MTJ,2015,7	118,898
MTJ,2015,8	97,577
MTJ,2015,9	39,529
MVY,2015,5	16,262
MVY,2015,6	38,452
MVY,2015,7	62,482
MVY,2015,8	62,912
MVY,2015,9	27,245
MYR,2015,1	258,3261
MYR,2015,11	293,2497
MYR,2015,12	235,4281
MYR,2015,2	275,4535
MYR,2015,3	437,6456
MYR,2015,4	479,4819
MYR,2015,5	568,6717
MYR,2015,6	553,12203
MYR,2015,7	581,6173
MYR,2015,8	569,9702
MYR,2015,9	484,5090
OAJ,2015,1	111,1181
OAJ,2015,11	109,1410
OAJ,2015,12	95,1512
OAJ,2015,2	96,1250
OAJ,2015,3	94,1294
OAJ,2015,4	102,1525
OAJ,2015,5	105,1495
OAJ,2015,6	102,1511
OAJ,2015,7	105,1778
OAJ,2015,8	105,1587
OAJ,2015,9	100,1126
OAK,2015,1	3591,32536
OAK,2015,11	3791,34806
OAK,2015,12	3930,55898
OAK,2015,2	3171,34741
OAK,2015,3	3659,33586
OAK,2015,4	3755,33078
OAK,2015,5	3865,40459
OAK,2015,6	3962,53778
OAK,2015,7	4119,62629
OAK,2015,8	4062,48597
OAK,2015,9	3805,26313
OGG,2015,1	1907,18826
OGG,2015,11	1789,5631
OGG,2015,12	1981,14612
OGG,2015,2	1721,16729
OGG,2015,3	1958,19926
OGG,2015,4	1824,10566
OGG,2015,5	1824,16234
OGG,2015,6	1934,18370
OGG,2015,7	1985,16909
OGG,2015,8	1916,21442
OGG,2015,9	1729,14408
OKC,2015,1	1364,20124
OKC,2015,11	1510,16652
OKC,2015,12	1472,20603
OKC,2015,2	1198,17373
OKC,2015,3	1346,17461
OKC,2015,4	1398,16825
OKC,2015,5	1383,20835
OKC,2015,6	1495,28915
OKC,2015,7	1606,23610
OKC,2015,8	1568,18897
OKC,2015,9	1537,9685
OMA,2015,1	1512,21751
OMA,2015,11	1464,13305
OMA,2015,12	1526,20397
OMA,2015,2	1324,19406
OMA,2015,3	1611,16593
OMA,2015,4	1586,14464
OMA,2015,5	1597,18575
OMA,2015,6	1459,25976
OMA,2015,7	1556,20059
OMA,2015,8	1475,14911
OMA,2015,9	1411,9440
OME,2015,1	60,381
OME,2015,11	53,1211
OME,2015,12	56,233
OME,2015,2	51,722
OME,2015,3	60,1056
OME,2015,4	58,401
OME,2015,5	62,359
OME,2015,6	60,609
OME,2015,7	60,541
OME,2015,8	62,626
OME,2015,9	59,428
ONT,2015,1	1580,18379
ONT,2015,11	1617,15278
ONT,2015,12	1541,18587
ONT,2015,2	1387,16315
ONT,2015,3	1548,14219
ONT,2015,4	1666,17896
ONT,2015,5	1724,22870
ONT,2015,6	1680,26218
ONT,2015,7	1710,25405
ONT,2015,8	1719,19476
ONT,2015,9	1646,11871
ORD,2015,1	22297,473522
ORD,2015,11	25188,360612
ORD,2015,12	24649,329406
ORD,2015,2	20067,465660
ORD,2015,3	25365,377621
ORD,2015,4	25262,334806
ORD,2015,5	26573,332696
ORD,2015,6	26286,613622
ORD,2015,7	27622,441640
ORD,2015,8	27482,384823
ORD,2015,9	25842,271608
ORF,2015,1	830,10177
ORF,2015,11	816,7423
ORF,2015,12	848,11959
ORF,2015,2	704,11261
ORF,2015,3	845,10275
ORF,2015,4	861,8303
ORF,2015,5	818,9848
ORF,2015,6	847,13530
ORF,2015,7	836,12662
ORF,2015,8	871,10504
ORF,2015,9	867,7593
ORH,2015,1	58,566
ORH,2015,11	59,342
ORH,2015,12	61,916
ORH,2015,2	47,586
ORH,2015,3	61,498
ORH,2015,4	60,447
ORH,2015,5	62,189
ORH,2015,6	59,237
ORH,2015,7	61,452
ORH,2015,8	59,783
ORH,2015,9	59,167
OTH,2015,1	16,519
OTH,2015,11	18,487
OTH,2015,12	16,749
OTH,2015,2	14,500
OTH,2015,3	18,271
OTH,2015,4	17,325
OTH,2015,5	18,317
OTH,2015,6	32,134
OTH,2015,7	39,818
OTH,2015,8	40,1159
OTH,2015,9	40,409
OTZ,2015,1	61,576
OTZ,2015,11	56,443
OTZ,2015,12	57,164
OTZ,2015,2	53,446
OTZ,2015,3	61,549
OTZ,2015,4	60,748
OTZ,2015,5	60,164
OTZ,2015,6	60,403
OTZ,2015,7	61,659
OTZ,2015,8	62,524
OTZ,2015,9	60,413
PAH,2015,1	59,1051
PAH,2015,11	53,388
PAH,2015,12	56,919
PAH,2015,2	48,1104
PAH,2015,3	54,230
PAH,2015,4	58,540
PAH,2015,5	62,585
PAH,2015,6	57,1313
PAH,2015,7	60,641
PAH,2015,8	60,1142
PAH,2015,9	59,598
PBG,2015,1	30,445
PBG,2015,11	24,258
PBG,2015,12	31,924
PBG,2015,2	28,603
PBG,2015,3	31,615
PBG,2015,4	26,595
PBG,2015,5	22,238
PBG,2015,6	21,576
PBG,2015,7	26,441
PBG,2015,8	26,488
PBG,2015,9	16,272
PBI,2015,1	2344,31904
PBI,2015,11	2016,17431
PBI,2015,12	2418,50348
PBI,2015,2	2147,40227
PBI,2015,3	2605,42394
PBI,2015,4	2315,24651
PBI,2015,5	1932,18989
PBI,2015,6	1611,28210
PBI,2015,7	1666,25192
PBI,2015,8	1641,28839
PBI,2015,9	1550,18159
PDX,2015,1	3617,37833
PDX,2015,11	4381,33428
PDX,2015,12	4493,59227
PDX,2015,2	3165,34591
PDX,2015,3	3884,32145
PDX,2015,4	3858,31723
PDX,2015,5	4139,33935
PDX,2015,6	4686,63098
PDX,2015,7	5101,56622
PDX,2015,8	5091,49425
PDX,2015,9	4460,27855
PHF,2015,1	141,1126
PHF,2015,11	112,1623
PHF,2015,12	104,1685
PHF,2015,2	96,793
PHF,2015,3	145,1902
PHF,2015,4	104,1185
PHF,2015,5	92,759
PHF,2015,6	108,1730
PHF,2015,7	118,2152
PHF,2015,8	119,1709
PHF,2015,9	108,925
PHL,2015,1	5474,80089
PHL,2015,11	5928,53894
PHL,2015,12	5870,91888
PHL,2015,2	4963,67387
PHL,2015,3	5741,81700
PHL,2015,4	5815,63849
PHL,2015,5	6125,76055
PHL,2015,6	6185,110026
PHL,2015,7	6419,82928
PHL,2015,8	6362,79216
PHL,2015,9	5978,60022
PHX,2015,1	13005,144071
PHX,2015,11	12448,108309
PHX,2015,12	13181,156787
PHX,2015,2	11720,138132
PHX,2015,3	14418,131039
PHX,2015,4	13658,127982
PHX,2015,5	13716,128939
PHX,2015,6	13730,168954
PHX,2015,7	14178,170130
PHX,2015,8	13585,140354
PHX,2015,9	11963,73774
PIA,2015,1	346,6619
PIA,2015,11	432,4497
PIA,2015,12	447,4092
PIA,2015,2	296,5795
PIA,2015,3	434,4823
PIA,2015,4	402,3353
PIA,2015,5	445,4255
PIA,2015,6	360,4512
PIA,2015,7	435,4240
PIA,2015,8	449,3406
PIA,2015,9	473,3380
PIB,2015,1	52,580
PIB,2015,11	50,489
PIB,2015,12	54,406
PIB,2015,2	45,872
PIB,2015,3	50,861
PIB,2015,4	52,931
PIB,2015,5	51,1846
PIB,2015,6	52,1400
PIB,2015,7	54,263
PIB,2015,8	52,417
PIB,2015,9	52,173
PIH,2015,1	60,405
PIH,2015,11	54,317
PIH,2015,12	56,614
PIH,2015,2	52,132
PIH,2015,3	58,136
PIH,2015,4	56,118
PIH,2015,5	57,226
PIH,2015,6	56,179
PIH,2015,7	57,190
PIH,2015,8	70,422
PIH,2015,9	76,270
PIT,2015,1	2036,24804
PIT,2015,11	2150,17306
PIT,2015,12	2073,25026
PIT,2015,2	1876,25122
PIT,2015,3	2283,23057
PIT,2015,4	2105,18859
PIT,2015,5	2311,26893
PIT,2015,6	2276,38607
PIT,2015,7	2342,32658
PIT,2015,8	2265,31949
PIT,2015,9	2073,14889
PLN,2015,1	49,767
PLN,2015,11	59,683
PLN,2015,12	61,701
PLN,2015,2	46,1530
PLN,2015,3	52,904
PLN,2015,4	52,680
PLN,2015,5	60,533
PLN,2015,6	86,498
PLN,2015,7	118,1794
PLN,2015,8	91,1325
PLN,2015,9	59,629
PNS,2015,1	626,7005
PNS,2015,11	455,3721
PNS,2015,12	481,5381
PNS,2015,2	546,6338
PNS,2015,3	604,7477
PNS,2015,4	618,6811
PNS,2015,5	506,6154
PNS,2015,6	688,8936
PNS,2015,7	746,7583
PNS,2015,8	682,8385
PNS,2015,9	486,2876
PPG,2015,1	10,42
PPG,2015,11	9,224
PPG,2015,12	10,229
PPG,2015,2	8,37
PPG,2015,3	9,648
PPG,2015,4	8,42
PPG,2015,5	9,29
PPG,2015,6	11,24
PPG,2015,7	14,17
PPG,2015,8	11,47
PPG,2015,9	8,19
PSC,2015,1	178,3352
PSC,2015,11	287,2985
PSC,2015,12	288,4104
PSC,2015,2	158,2360
PSC,2015,3	208,1005
PSC,2015,4	202,2075
PSC,2015,5	183,1137
PSC,2015,6	200,2418
PSC,2015,7	264,3204
PSC,2015,8	236,2344
PSC,2015,9	202,1197
PSE,2015,1	71,493
PSE,2015,11	64,441
PSE,2015,12	83,1938
PSE,2015,2	54,752
PSE,2015,3	61,864
PSE,2015,4	60,876
PSE,2015,5	62,459
PSE,2015,6	73,1396
PSE,2015,7	93,1692
PSE,2015,8	63,1452
PSE,2015,9	60,833
PSG,2015,1	62,1383
PSG,2015,11	58,444
PSG,2015,12	58,280
PSG,2015,2	54,461
PSG,2015,3	62,1420
PSG,2015,4	59,516
PSG,2015,5	60,545
PSG,2015,6	60,1132
PSG,2015,7	62,911
PSG,2015,8	62,1014
PSG,2015,9	60,309
PSP,2015,1	1071,12840
PSP,2015,11	848,6991
PSP,2015,12	869,10062
PSP,2015,2	1085,14453
PSP,2015,3	1294,12554
PSP,2015,4	1084,9374
PSP,2015,5	850,8180
PSP,2015,6	451,6340
PSP,2015,7	430,6947
PSP,2015,8	451,5697
PSP,2015,9	483,4180
PUB,2015,1	50,907
PUB,2015,2	47,722
PUB,2015,3	53,188
PUB,2015,4	48,286
PUB,2015,5	51,105
PUB,2015,6	6,16
PVD,2015,1	954,12053
PVD,2015,11	1069,7787
PVD,2015,12	1073,14208
PVD,2015,2	731,11148
PVD,2015,3	1035,13278
PVD,2015,4	999,9188
PVD,2015,5	978,9152
PVD,2015,6	970,17762
PVD,2015,7	988,18240
PVD,2015,8	978,16244
PVD,2015,9	1047,8098
PWM,2015,1	214,2704
PWM,2015,11	376,3726
PWM,2015,12	411,6168
PWM,2015,2	231,3934
PWM,2015,3	308,4453
PWM,2015,4	372,4544
PWM,2015,5	424,4724
PWM,2015,6	545,9874
PWM,2015,7	618,11333
PWM,2015,8	605,7870
PWM,2015,9	465,3529
RAP,2015,1	204,3000
RAP,2015,11	245,2165
RAP,2015,12	220,3631
RAP,2015,2	202,1640
RAP,2015,3	238,2401
RAP,2015,4	206,1368
RAP,2015,5	294,3189
RAP,2015,6	405,5651
RAP,2015,7	516,5971
RAP,2015,8	431,3999
RAP,2015,9	265,1839
RDD,2015,1	88,1609
RDD,2015,11	58,516
RDD,2015,12	54,646
RDD,2015,2	79,1123
RDD,2015,3	65,709
RDD,2015,4	60,411
RDD,2015,5	62,1209
RDD,2015,6	59,1046
RDD,2015,7	61,440
RDD,2015,8	62,867
RDD,2015,9	59,643
RDM,2015,1	161,2219
RDM,2015,11	192,1427
RDM,2015,12	199,3207
RDM,2015,2	148,2355
RDM,2015,3	184,1221
RDM,2015,4	175,1037
RDM,2015,5	179,1813
RDM,2015,6	223,2382
RDM,2015,7	239,2050
RDM,2015,8	230,2095
RDM,2015,9	189,1191
RDU,2015,1	2650,32422
RDU,2015,11	2844,23664
RDU,2015,12	2855,38636
RDU,2015,2	2211,30193
RDU,2015,3	2792,35618
RDU,2015,4	2831,28060
RDU,2015,5	2988,32763
RDU,2015,6	3118,52878
RDU,2015,7	3195,48726
RDU,2015,8	3005,42586
RDU,2015,9	2745,23963
RHI,2015,1	88,1130
RHI,2015,11	81,1111
RHI,2015,12	88,646
RHI,2015,2	80,425
RHI,2015,3	85,707
RHI,2015,4	86,482
RHI,2015,5	86,612
RHI,2015,6	86,632
RHI,2015,7	88,512
RHI,2015,8	88,896
RHI,2015,9	86,728
RIC,2015,1	1205,18385
RIC,2015,11	1391,15050
RIC,2015,12	1319,19575
RIC,2015,2	1049,16961
RIC,2015,3	1295,16082
RIC,2015,4	1296,14292
RIC,2015,5	1282,13925
RIC,2015,6	1421,25723
RIC,2015,7	1555,27784
RIC,2015,8	1590,25877
RIC,2015,9	1540,15410
RKS,2015,1	115,835
RKS,2015,11	53,397
RKS,2015,12	57,341
RKS,2015,2	54,564
RKS,2015,3	62,352
RKS,2015,4	54,225
RKS,2015,5	56,443
RKS,2015,6	55,1047
RKS,2015,7	58,673
RKS,2015,8	56,532
RKS,2015,9	54,86
RNO,2015,1	1088,11238
RNO,2015,11	1004,9037
RNO,2015,12	1080,17657
RNO,2015,2	979,11048
RNO,2015,3	1183,11953
RNO,2015,4	1179,12227
RNO,2015,5	1193,10762
RNO,2015,6	1347,19318
RNO,2015,7	1383,20726
RNO,2015,8	1319,13900
RNO,2015,9	1149,7760
ROA,2015,1	137,1960
ROA,2015,11	204,2699
ROA,2015,12	191,3336
ROA,2015,2	129,1935
ROA,2015,3	218,2084
ROA,2015,4	218,1749
ROA,2015,5	227,1873
ROA,2015,6	222,2866
ROA,2015,7	230,3715
ROA,2015,8	235,3925
ROA,2015,9	218,1382
ROC,2015,1	588,9134
ROC,2015,11	736,6896
ROC,2015,12	674,9316
ROC,2015,2	527,8439
ROC,2015,3	695,9429
ROC,2015,4	669,6044
ROC,2015,5	771,8958
ROC,2015,6	619,8335
ROC,2015,7	685,9930
ROC,2015,8	660,9288
ROC,2015,9	657,4947
ROW,2015,1	83,1461
ROW,2015,11	81,785
ROW,2015,12	72,314
ROW,2015,2	70,1358
ROW,2015,3	86,985
ROW,2015,4	86,963
ROW,2015,5	85,1185
ROW,2015,6	88,1063
ROW,2015,7	90,883
ROW,2015,8	93,430
ROW,2015,9	89,479
RST,2015,1	174,4442
RST,2015,11	163,1944
RST,2015,12	162,1081
RST,2015,2	163,4288
RST,2015,3	182,2429
RST,2015,4	182,1214
RST,2015,5	182,1109
RST,2015,6	190,2429
RST,2015,7	210,2312
RST,2015,8	201,1715
RST,2015,9	172,1287
RSW,2015,1	3048,37222
RSW,2015,11	2454,21142
RSW,2015,12	2991,45451
RSW,2015,2	3006,46948
RSW,2015,3	4030,51925
RSW,2015,4	3032,25300
RSW,2015,5	2152,18381
RSW,2015,6	1706,23721
RSW,2015,7	1700,22038
RSW,2015,8	1548,18030
RSW,2015,9	1377,12792
SAF,2015,1	107,1581
SAF,2015,11	84,1152
SAF,2015,12	86,599
SAF,2015,2	107,2001
SAF,2015,3	149,1844
SAF,2015,4	179,2277
SAF,2015,5	179,1830
SAF,2015,6	180,2514
SAF,2015,7	149,1428
SAF,2015,8	138,679
SAF,2015,9	96,202
SAN,2015,1	6037,56582
SAN,2015,11	5896,58780
SAN,2015,12	6159,81042
SAN,2015,2	5373,63394
SAN,2015,3	6522,61965
SAN,2015,4	6379,66992
SAN,2015,5	6533,71689
SAN,2015,6	6683,81948
SAN,2015,7	6974,93823
SAN,2015,8	6819,68452
SAN,2015,9	6153,41484
SAT,2015,1	2567,35497
SAT,2015,11	2486,23940
SAT,2015,12	2554,34036
SAT,2015,2	2244,30228
SAT,2015,3	2712,31945
SAT,2015,4	2813,35354
SAT,2015,5	2964,43358
SAT,2015,6	2932,48263
SAT,2015,7	2986,42044
SAT,2015,8	2768,30255
SAT,2015,9	2467,11918
SAV,2015,1	588,8216
SAV,2015,11	649,5823
SAV,2015,12	554,7149
SAV,2015,2	532,9370
SAV,2015,3	664,6884
SAV,2015,4	740,7927
SAV,2015,5	791,8690
SAV,2015,6	748,12430
SAV,2015,7	731,9738
SAV,2015,8	746,7834
SAV,2015,9	659,4486
SBA,2015,1	564,7944
SBA,2015,11	509,2850
SBA,2015,12	436,6428
SBA,2015,2	471,7096
SBA,2015,3	477,4722
SBA,2015,4	556,4674
SBA,2015,5	561,4936
SBA,2015,6	583,6546
SBA,2015,7	616,6467
SBA,2015,8	605,5718
SBA,2015,9	534,4995
SBN,2015,1	374,8819
SBN,2015,11	380,4973
SBN,2015,12	376,7124
SBN,2015,2	370,8465
SBN,2015,3	459,6871
SBN,2015,4	402,4695
SBN,2015,5	393,3293
SBN,2015,6	396,6423
SBN,2015,7	390,5201
SBN,2015,8	404,5852
SBN,2015,9	408,3693
SBP,2015,1	412,4302
SBP,2015,11	214,1399
SBP,2015,12	213,2636
SBP,2015,2	369,3253
SBP,2015,3	425,3613
SBP,2015,4	272,2953
SBP,2015,5	246,2023
SBP,2015,6	236,1752
SBP,2015,7	206,2563
SBP,2015,8	223,2798
SBP,2015,9	257,2863
SCC,2015,1	80,422
SCC,2015,11	76,486
SCC,2015,12	77,337
SCC,2015,2	70,396
SCC,2015,3	80,781
SCC,2015,4	76,499
SCC,2015,5	80,382
SCC,2015,6	78,680
SCC,2015,7	76,631
SCC,2015,8	79,376
SCC,2015,9	76,411
SCE,2015,1	64,1358
SCE,2015,11	59,832
SCE,2015,12	66,779
SCE,2015,2	53,1454
SCE,2015,3	72,602
SCE,2015,4	71,627
SCE,2015,5	73,707
SCE,2015,6	81,2626
SCE,2015,7	147,2155
SCE,2015,8	144,1263
SCE,2015,9	59,1136
SDF,2015,1	916,12322
SDF,2015,11	910,8333
SDF,2015,12	827,11274
SDF,2015,2	811,11486
SDF,2015,3	999,12840
SDF,2015,4	918,9313
SDF,2015,5	1046,12221
SDF,2015,6	973,15798
SDF,2015,7	899,11233
SDF,2015,8	866,8442
SDF,2015,9	811,6044
SEA,2015,1	8359,94108
SEA,2015,11	9686,89760
SEA,2015,12	10302,127766
SEA,2015,2	7646,74353
SEA,2015,3	9242,84272
SEA,2015,4	9205,69834
SEA,2015,5	10305,77801
SEA,2015,6	11116,127554
SEA,2015,7	11953,124620
SEA,2015,8	12064,146128
SEA,2015,9	10488,77345
SFO,2015,1	12576,188251
SFO,2015,11	13439,140761
SFO,2015,12	13451,374703
SFO,2015,2	11185,214522
SFO,2015,3	13256,157616
SFO,2015,4	12891,158523
SFO,2015,5	13370,238091
SFO,2015,6	13572,208683
SFO,2015,7	14241,237434
SFO,2015,8	14440,199056
SFO,2015,9	13240,116962
SGF,2015,1	577,11823
SGF,2015,11	525,5126
SGF,2015,12	544,6931
SGF,2015,2	489,12570
SGF,2015,3	634,9153
SGF,2015,4	593,7400
SGF,2015,5	634,7285
SGF,2015,6	636,11492
SGF,2015,7	470,6642
SGF,2015,8	498,4652
SGF,2015,9	479,4025
SGU,2015,1	147,1465
SGU,2015,11	170,1633
SGU,2015,12	159,2383
SGU,2015,2	136,714
SGU,2015,3	178,1172
SGU,2015,4	176,1475
SGU,2015,5	180,1283
SGU,2015,6	150,2069
SGU,2015,7	153,1500
SGU,2015,8	155,1282
SGU,2015,9	171,859
SHV,2015,1	546,6936
SHV,2015,11	550,5046
SHV,2015,12	544,6421
SHV,2015,2	432,5503
SHV,2015,3	519,9214
SHV,2015,4	529,7338
SHV,2015,5	555,10478
SHV,2015,6	574,11195
SHV,2015,7	590,6934
SHV,2015,8	576,7457
SHV,2015,9	532,4941
SIT,2015,1	88,622
SIT,2015,11	87,1464
SIT,2015,12	89,724
SIT,2015,2	82,737
SIT,2015,3	93,1120
SIT,2015,4	90,966
SIT,2015,5	117,549
SIT,2015,6	172,1172
SIT,2015,7	186,1802
SIT,2015,8	215,2162
SIT,2015,9	110,819
SJC,2015,1	3288,30798
SJC,2015,11	3299,28838
SJC,2015,12	3279,41453
SJC,2015,2	2972,26154
SJC,2015,3	3305,28731
SJC,2015,4	3450,30729
SJC,2015,5	3632,36406
SJC,2015,6	3681,46066
SJC,2015,7	3757,52110
SJC,2015,8	3712,40750
SJC,2015,9	3424,22620
SJT,2015,1	142,1634
SJT,2015,11	140,713
SJT,2015,12	144,760
SJT,2015,2	116,1653
SJT,2015,3	142,2972
SJT,2015,4	146,2148
SJT,2015,5	145,1826
SJT,2015,6	143,1458
SJT,2015,7	150,1003
SJT,2015,8	149,810
SJT,2015,9	141,642
SJU,2015,1	2302,33405
SJU,2015,11	2149,20750
SJU,2015,12	2576,47350
SJU,2015,2	1958,34391
SJU,2015,3	2252,34919
SJU,2015,4	2233,22489
SJU,2015,5	2133,21074
SJU,2015,6	2326,34909
SJU,2015,7	2549,33988
SJU,2015,8	2292,33243
SJU,2015,9	1717,15136
SLC,2015,1	8550,75860
SLC,2015,11	8381,62739
SLC,2015,12	8712,117428
SLC,2015,2	7800,73192
SLC,2015,3	9443,77590
SLC,2015,4	8793,68692
SLC,2015,5	8726,60910
SLC,2015,6	8936,86683
SLC,2015,7	9476,87374
SLC,2015,8	9471,72186
SLC,2015,9	8397,46865
SMF,2015,1	3173,34883
SMF,2015,11	3223,28668
SMF,2015,12	3191,39817
SMF,2015,2	2896,31495
SMF,2015,3	3207,27673
SMF,2015,4	3357,32022
SMF,2015,5	3621,39062
SMF,2015,6	3509,49796
SMF,2015,7	3601,51385
SMF,2015,8	3602,45930
SMF,2015,9	3514,25716
SMX,2015,1	60,342
SMX,2015,11	58,410
SMX,2015,12	54,1016
SMX,2015,2	56,545
SMX,2015,3	62,340
SMX,2015,4	60,297
SMX,2015,5	63,1302
SMX,2015,6	60,443
SMX,2015,7	61,549
SMX,2015,8	60,698
SMX,2015,9	60,495
SNA,2015,1	3151,24162
SNA,2015,11	3434,26694
SNA,2015,12	3524,36894
SNA,2015,2	2883,23933
SNA,2015,3	3348,22251
SNA,2015,4	3292,25041
SNA,2015,5	3326,30265
SNA,2015,6	3327,29545
SNA,2015,7	3573,34972
SNA,2015,8	3588,28464
SNA,2015,9	3394,17494
SPI,2015,1	123,2058
SPI,2015,11	133,2201
SPI,2015,12	144,2002
SPI,2015,2	110,2910
SPI,2015,3	144,1710
SPI,2015,4	135,1823
SPI,2015,5	145,2213
SPI,2015,6	145,3851
SPI,2015,7	150,1534
SPI,2015,8	151,1372
SPI,2015,9	144,1263
SPS,2015,1	99,1362
SPS,2015,11	90,1082
SPS,2015,12	85,559
SPS,2015,2	87,1262
SPS,2015,3	117,1835
SPS,2015,4	116,1897
SPS,2015,5	112,2371
SPS,2015,6	116,1265
SPS,2015,7	120,878
SPS,2015,8	121,389
SPS,2015,9	112,402
SRQ,2015,1	308,3823
SRQ,2015,11	297,2000
SRQ,2015,12	358,5336
SRQ,2015,2	319,3572
SRQ,2015,3	455,5399
SRQ,2015,4	358,3560
SRQ,2015,5	282,2352
SRQ,2015,6	288,2212
SRQ,2015,7	241,2560
SRQ,2015,8	224,2221
SRQ,2015,9	209,1235
STC,2015,1	55,1437
STC,2015,2	22,541
STL,2015,1	3994,46263
STL,2015,11	4154,32868
STL,2015,12	4244,51927
STL,2015,2	3473,43473
STL,2015,3	4349,43201
STL,2015,4	4309,46445
STL,2015,5	4308,52552
STL,2015,6	4373,70995
STL,2015,7	4595,63414
STL,2015,8	4426,45840
STL,2015,9	4146,23649
STT,2015,1	471,6499
STT,2015,11	313,3229
STT,2015,12	439,8886
STT,2015,2	421,7585
STT,2015,3	487,6354
STT,2015,4	474,4305
STT,2015,5	409,4571
STT,2015,6	383,4852
STT,2015,7	395,5879
STT,2015,8	344,4219
STT,2015,9	184,2359
STX,2015,1	91,1224
STX,2015,11	69,548
STX,2015,12	87,1168
STX,2015,2	81,1097
STX,2015,3	91,954
STX,2015,4	89,816
STX,2015,5	88,980
STX,2015,6	96,941
STX,2015,7	101,1575
STX,2015,8	82,753
STX,2015,9	60,801
SUN,2015,1	96,1029
SUN,2015,11	58,173
SUN,2015,12	101,1012
SUN,2015,2	87,609
SUN,2015,3	120,696
SUN,2015,4	53,251
SUN,2015,5	21,116
SUN,2015,6	78,831
SUN,2015,7	130,1847
SUN,2015,8	126,1376
SUN,2015,9	79,432
SUX,2015,1	53,1597
SUX,2015,11	51,498
SUX,2015,12	56,443
SUX,2015,2	44,1784
SUX,2015,3	58,797
SUX,2015,4	54,293
SUX,2015,5	55,221
SUX,2015,6	53,930
SUX,2015,7	58,599
SUX,2015,8	55,568
SUX,2015,9	56,497
SWF,2015,1	57,840
SWF,2015,11	60,634
SWF,2015,12	62,961
SWF,2015,2	65,1150
SWF,2015,3	61,368
SWF,2015,4	63,573
SWF,2015,5	67,867
SWF,2015,6	61,564
SWF,2015,7	62,1121
SWF,2015,8	63,1275
SWF,2015,9	60,766
SYR,2015,1	449,8224
SYR,2015,11	582,4415
SYR,2015,12	597,8286
SYR,2015,2	391,8670
SYR,2015,3	481,6356
SYR,2015,4	410,4537
SYR,2015,5	472,4697
SYR,2015,6	474,6847
SYR,2015,7	528,7906
SYR,2015,8	567,8412
SYR,2015,9	528,6015
TLH,2015,1	328,3681
TLH,2015,11	256,1604
TLH,2015,12	262,3788
TLH,2015,2	284,4445
TLH,2015,3	351,3304
TLH,2015,4	286,2349
TLH,2015,5	277,2859
TLH,2015,6	279,6034
TLH,2015,7	284,3198
TLH,2015,8	291,4204
TLH,2015,9	258,2336
TOL,2015,1	77,2348
TOL,2015,11	78,430
TOL,2015,12	81,527
TOL,2015,2	67,1932
TOL,2015,3	83,774
TOL,2015,4	84,201
TOL,2015,5	87,590
TOL,2015,6	85,680
TOL,2015,7	87,423
TOL,2015,8	87,485
TOL,2015,9	85,681
TPA,2015,1	5866,67202
TPA,2015,11	5650,42475
TPA,2015,12	6039,81959
TPA,2015,2	5302,77339
TPA,2015,3	6769,84139
TPA,2015,4	6144,58576
TPA,2015,5	5908,66378
TPA,2015,6	5666,94733
TPA,2015,7	5830,89561
TPA,2015,8	5390,78907
TPA,2015,9	4766,44732
TRI,2015,1	166,924
TRI,2015,11	150,998
TRI,2015,12	176,1061
TRI,2015,2	145,1180
TRI,2015,3	172,1594
TRI,2015,4	165,1376
TRI,2015,5	193,1676
TRI,2015,6	192,1848
TRI,2015,7	195,2178
TRI,2015,8	197,2171
TRI,2015,9	161,1383
TTN,2015,1	226,6707
TTN,2015,11	264,3185
TTN,2015,12	271,5240
TTN,2015,2	194,11623
TTN,2015,3	228,7884
TTN,2015,4	231,3157
TTN,2015,5	279,4243
TTN,2015,6	263,6173
TTN,2015,7	273,5819
TTN,2015,8	276,5166
TTN,2015,9	265,4813
TUL,2015,1	1273,16504
TUL,2015,11	1186,13446
TUL,2015,12	1149,15863
TUL,2015,2	1154,14461
TUL,2015,3	1433,17019
TUL,2015,4	1214,14126
TUL,2015,5	1215,19030
TUL,2015,6	1281,22502
TUL,2015,7	1276,16177
TUL,2015,8	1283,14900
TUL,2015,9	1310,9720
TUS,2015,1	1441,18634
TUS,2015,11	1347,14611
TUS,2015,12	1346,18148
TUS,2015,2	1336,16414
TUS,2015,3	1615,16305
TUS,2015,4	1522,19506
TUS,2015,5	1460,18251
TUS,2015,6	1243,20184
TUS,2015,7	1242,19763
TUS,2015,8	1263,15198
TUS,2015,9	1167,8034
TVC,2015,1	183,5130
TVC,2015,11	190,1988
TVC,2015,12	188,1571
TVC,2015,2	176,4303
TVC,2015,3	239,2179
TVC,2015,4	235,1835
TVC,2015,5	192,896
TVC,2015,6	294,3462
TVC,2015,7	373,2834
TVC,2015,8	376,2607
TVC,2015,9	224,2251
TWF,2015,1	56,293
TWF,2015,11	82,413
TWF,2015,12	70,1330
TWF,2015,2	53,255
TWF,2015,3	58,327
TWF,2015,4	56,294
TWF,2015,5	88,431
TWF,2015,6	86,196
TWF,2015,7	89,1244
TWF,2015,8	86,566
TWF,2015,9	83,269
TXK,2015,1	84,1027
TXK,2015,11	79,957
TXK,2015,12	86,937
TXK,2015,2	64,586
TXK,2015,3	84,1165
TXK,2015,4	85,945
TXK,2015,5	82,767
TXK,2015,6	86,838
TXK,2015,7	92,779
TXK,2015,8	91,574
TXK,2015,9	85,414
TYR,2015,1	188,3505
TYR,2015,11	199,2207
TYR,2015,12	187,964
TYR,2015,2	159,2289
TYR,2015,3	189,3063
TYR,2015,4	197,2971
TYR,2015,5	203,2953
TYR,2015,6	217,3674
TYR,2015,7	230,2140
TYR,2015,8	221,3040
TYR,2015,9	214,1150
TYS,2015,1	584,10578
TYS,2015,11	573,7612
TYS,2015,12	543,9128
TYS,2015,2	483,10281
TYS,2015,3	649,10409
TYS,2015,4	626,6231
TYS,2015,5	661,11084
TYS,2015,6	660,14988
TYS,2015,7	694,12516
TYS,2015,8	675,10507
TYS,2015,9	626,5669
UST,2015,1	16,96
UST,2015,11	17,60
UST,2015,12	17,172
UST,2015,2	11,394
UST,2015,3	13,50
UST,2015,4	14,170
UST,2015,5	13,297
UST,2015,6	10,71
UST,2015,7	12,176
UST,2015,8	13,355
UST,2015,9	12,272
VEL,2015,1	50,95
VEL,2015,2	48,20
VEL,2015,3	52,37
VEL,2015,4	49,39
VLD,2015,1	85,799
VLD,2015,11	84,748
VLD,2015,12	83,1156
VLD,2015,2	76,563
VLD,2015,3	88,1287
VLD,2015,4	84,785
VLD,2015,5	86,781
VLD,2015,6	86,993
VLD,2015,7	86,1178
VLD,2015,8	86,1497
VLD,2015,9	82,952
VPS,2015,1	376,3638
VPS,2015,11	393,3474
VPS,2015,12	409,4807
VPS,2015,2	327,3950
VPS,2015,3	418,6500
VPS,2015,4	432,4700
VPS,2015,5	455,7024
VPS,2015,6	522,9991
VPS,2015,7	539,5056
VPS,2015,8	489,5367
VPS,2015,9	407,2593
WRG,2015,1	61,1041
WRG,2015,11	58,500
WRG,2015,12	60,407
WRG,2015,2	54,308
WRG,2015,3	62,1433
WRG,2015,4	57,512
WRG,2015,5	61,651
WRG,2015,6	60,1097
WRG,2015,7	62,825
WRG,2015,8	62,1001
WRG,2015,9	60,518
WYS,2015,6	51,244
WYS,2015,7	53,557
WYS,2015,8	54,276
WYS,2015,9	50,153
XNA,2015,1	739,14449
XNA,2015,11	796,8658
XNA,2015,12	754,8561
XNA,2015,2	682,14191
XNA,2015,3	854,14582
XNA,2015,4	811,9777
XNA,2015,5	804,11773
XNA,2015,6	870,17279
XNA,2015,7	919,13740
XNA,2015,8	893,11464
XNA,2015,9	897,7457
YAK,2015,1	60,413
YAK,2015,11	58,551
YAK,2015,12	59,178
YAK,2015,2	53,331
YAK,2015,3	61,786
YAK,2015,4	58,503
YAK,2015,5	62,272
YAK,2015,6	58,454
YAK,2015,7	62,465
YAK,2015,8	62,550
YAK,2015,9	60,775
YUM,2015,1	165,1662
YUM,2015,11	160,891
YUM,2015,12	174,1295
YUM,2015,2	154,1198
YUM,2015,3	185,1045
YUM,2015,4	178,1559
YUM,2015,5	176,939
YUM,2015,6	168,2403
YUM,2015,7	174,1361
YUM,2015,8	170,1729
YUM,2015,9	154,1077
