10135,2015,10	235,278.0
10136,2015,10	194,237.0
10140,2015,10	1811,2954.0
10141,2015,10	71,-134.0
10146,2015,10	87,620.0
10154,2015,10	27,189.0
10155,2015,10	141,-285.0
10157,2015,10	118,1110.0
10158,2015,10	246,880.0
10165,2015,10	9,-142.0
10170,2015,10	28,16.0
10185,2015,10	278,1711.0
10208,2015,10	222,19.0
10257,2015,10	733,-1068.0
10268,2015,10	56,-438.0
10279,2015,10	303,480.0
10299,2015,10	1222,-342.0
10333,2015,10	50,-319.0
10372,2015,10	58,283.0
10397,2015,10	32546,-72313.0
10408,2015,10	259,49.0
10423,2015,10	3863,9095.0
10431,2015,10	276,2006.0
10434,2015,10	113,-88.0
10469,2015,10	120,-1206.0
10529,2015,10	1709,-1195.0
10551,2015,10	84,-76.0
10561,2015,10	183,-389.0
10577,2015,10	61,-57.0
10581,2015,10	26,213.0
10599,2015,10	1143,1585.0
10620,2015,10	263,-1369.0
10627,2015,10	339,-1310.0
10631,2015,10	62,-69.0
10666,2015,10	1,-6.0
10685,2015,10	237,-1402.0
10693,2015,10	4461,-3589.0
10713,2015,10	1159,949.0
10721,2015,10	10094,3485.0
10728,2015,10	86,370.0
10731,2015,10	85,657.0
10732,2015,10	98,628.0
10739,2015,10	53,-340.0
10747,2015,10	192,-97.0
10754,2015,10	79,-111.0
10779,2015,10	61,-345.0
10781,2015,10	649,2666.0
10785,2015,10	345,1302.0
10792,2015,10	1578,-680.0
10800,2015,10	1755,-1365.0
10821,2015,10	7990,-14238.0
10849,2015,10	334,-1821.0
10868,2015,10	413,268.0
10874,2015,10	490,502.0
10918,2015,10	53,195.0
10926,2015,10	62,152.0
10980,2015,10	415,-7.0
10990,2015,10	236,572.0
10994,2015,10	1204,1438.0
11003,2015,10	531,-1009.0
11013,2015,10	57,-257.0
11042,2015,10	3209,-5677.0
11049,2015,10	217,-417.0
11057,2015,10	9535,-17795.0
11066,2015,10	2181,-6925.0
11067,2015,10	206,-3337.0
11076,2015,10	59,-234.0
11097,2015,10	30,-56.0
11109,2015,10	604,2254.0
11111,2015,10	121,-726.0
11122,2015,10	138,-955.0
11140,2015,10	361,1642.0
11146,2015,10	221,-37.0
11150,2015,10	111,589.0
11193,2015,10	1901,-2546.0
11203,2015,10	144,-547.0
11252,2015,10	119,-761.0
11259,2015,10	5823,9499.0
11267,2015,10	745,-1982.0
11274,2015,10	86,-498.0
11278,2015,10	6752,-6708.0
11292,2015,10	18065,-15203.0
11298,2015,10	20461,-10418.0
11308,2015,10	118,-259.0
11315,2015,10	61,-679.0
11337,2015,10	222,193.0
11413,2015,10	177,-886.0
11423,2015,10	697,-1726.0
11433,2015,10	9880,-4541.0
11447,2015,10	48,-617.0
11471,2015,10	62,165.0
11481,2015,10	374,-913.0
11503,2015,10	3,-10.0
11525,2015,10	53,37.0
11537,2015,10	195,433.0
11540,2015,10	1039,2735.0
11577,2015,10	57,108.0
11587,2015,10	52,-396.0
11603,2015,10	327,1026.0
11612,2015,10	397,-2392.0
11617,2015,10	54,133.0
11618,2015,10	9539,20189.0
11624,2015,10	151,-851.0
11630,2015,10	176,173.0
11637,2015,10	523,-736.0
11638,2015,10	655,-194.0
11641,2015,10	150,-346.0
11648,2015,10	123,-666.0
11695,2015,10	155,1125.0
11697,2015,10	5748,5889.0
11721,2015,10	411,-1451.0
11775,2015,10	443,95.0
11778,2015,10	174,282.0
11823,2015,10	511,-2056.0
11865,2015,10	88,-610.0
11867,2015,10	60,1.0
11884,2015,10	828,-245.0
11898,2015,10	88,118.0
11905,2015,10	58,-35.0
11921,2015,10	270,-642.0
11953,2015,10	234,768.0
11973,2015,10	298,-30.0
11977,2015,10	486,-394.0
11980,2015,10	56,-362.0
11982,2015,10	359,-653.0
11986,2015,10	920,-708.0
11995,2015,10	590,-631.0
11996,2015,10	629,-795.0
12003,2015,10	190,-592.0
12007,2015,10	87,-436.0
12016,2015,10	29,-489.0
12094,2015,10	20,61.0
12129,2015,10	83,560.0
12156,2015,10	141,-413.0
12173,2015,10	3766,7820.0
12177,2015,10	53,-106.0
12191,2015,10	4687,1998.0
12197,2015,10	713,2331.0
12206,2015,10	278,1296.0
12217,2015,10	387,-1999.0
12255,2015,10	53,-321.0
12264,2015,10	2991,-8608.0
12265,2015,10	22,59.0
12266,2015,10	13072,7727.0
12278,2015,10	687,-739.0
12280,2015,10	201,-540.0
12323,2015,10	215,403.0
12335,2015,10	56,-802.0
12339,2015,10	2371,-5173.0
12343,2015,10	52,220.0
12389,2015,10	217,-406.0
12391,2015,10	365,1650.0
12402,2015,10	503,-1255.0
12441,2015,10	157,-97.0
12448,2015,10	646,-345.0
12451,2015,10	1699,-1252.0
12478,2015,10	8235,26090.0
12511,2015,10	56,-55.0
12519,2015,10	74,-437.0
12523,2015,10	326,449.0
12758,2015,10	967,-1217.0
12819,2015,10	184,1058.0
12884,2015,10	223,273.0
12888,2015,10	50,-324.0
12889,2015,10	12664,-14094.0
12891,2015,10	120,-16.0
12892,2015,10	17647,-35981.0
12896,2015,10	427,4194.0
12898,2015,10	115,262.0
12915,2015,10	190,-484.0
12945,2015,10	582,-1205.0
12951,2015,10	425,1247.0
12953,2015,10	8431,12943.0
12954,2015,10	773,175.0
12982,2015,10	882,282.0
12992,2015,10	1040,-630.0
13029,2015,10	288,-19.0
13061,2015,10	198,547.0
13076,2015,10	165,-522.0
13127,2015,10	53,-406.0
13158,2015,10	594,1516.0
13184,2015,10	142,800.0
13198,2015,10	3545,-276.0
13204,2015,10	9022,-6520.0
13230,2015,10	285,-1211.0
13232,2015,10	7601,-32546.0
13241,2015,10	83,691.0
13244,2015,10	1512,-1447.0
13256,2015,10	233,130.0
13264,2015,10	243,1018.0
13277,2015,10	304,310.0
13290,2015,10	150,-762.0
13296,2015,10	576,-448.0
13303,2015,10	5933,-6352.0
13342,2015,10	2636,-5096.0
13344,2015,10	62,244.0
13360,2015,10	116,-507.0
13367,2015,10	306,-594.0
13377,2015,10	275,270.0
13422,2015,10	430,1415.0
13433,2015,10	217,-126.0
13459,2015,10	26,-100.0
13476,2015,10	231,934.0
13485,2015,10	836,-2167.0
13486,2015,10	169,-1002.0
13487,2015,10	10600,-18260.0
13495,2015,10	3658,-4918.0
13502,2015,10	7,-3.0
13541,2015,10	11,-34.0
13577,2015,10	505,452.0
13795,2015,10	112,782.0
13796,2015,10	3986,-4208.0
13830,2015,10	1814,-99.0
13851,2015,10	1627,-768.0
13871,2015,10	1496,-377.0
13873,2015,10	57,162.0
13891,2015,10	1738,3542.0
13930,2015,10	27506,-39732.0
13931,2015,10	909,271.0
13933,2015,10	59,11.0
13964,2015,10	32,861.0
13970,2015,10	60,79.0
14006,2015,10	60,-123.0
14025,2015,10	13,234.0
14027,2015,10	1741,-1349.0
14057,2015,10	4547,-11837.0
14098,2015,10	112,-40.0
14100,2015,10	6043,-4542.0
14107,2015,10	12884,-10067.0
14108,2015,10	472,-681.0
14109,2015,10	51,240.0
14113,2015,10	57,-180.0
14122,2015,10	2126,-4615.0
14150,2015,10	62,-158.0
14193,2015,10	474,-205.0
14222,2015,10	9,118.0
14252,2015,10	209,-353.0
14254,2015,10	60,151.0
14256,2015,10	59,605.0
14262,2015,10	673,671.0
14307,2015,10	1092,445.0
14321,2015,10	476,402.0
14457,2015,10	230,-470.0
14487,2015,10	62,427.0
14489,2015,10	200,-284.0
14492,2015,10	2988,-1097.0
14520,2015,10	87,-768.0
14524,2015,10	1632,901.0
14543,2015,10	55,-615.0
14570,2015,10	1144,970.0
14574,2015,10	223,-533.0
14576,2015,10	735,7.0
14588,2015,10	87,803.0
14633,2015,10	184,-1247.0
14635,2015,10	1774,-5407.0
14674,2015,10	89,-349.0
14679,2015,10	6185,-16307.0
14683,2015,10	2602,1654.0
14685,2015,10	655,-861.0
14689,2015,10	564,-81.0
14696,2015,10	411,1160.0
14698,2015,10	245,1325.0
14709,2015,10	81,45.0
14711,2015,10	62,493.0
14730,2015,10	841,-3198.0
14747,2015,10	10350,-4795.0
14771,2015,10	14083,-4001.0
14783,2015,10	521,-910.0
14794,2015,10	202,867.0
14814,2015,10	550,1428.0
14828,2015,10	91,302.0
14831,2015,10	3460,-5662.0
14842,2015,10	140,-63.0
14843,2015,10	1871,-1216.0
14869,2015,10	8737,-33790.0
14893,2015,10	3607,1675.0
14905,2015,10	61,-104.0
14908,2015,10	3518,-12515.0
14952,2015,10	146,336.0
14960,2015,10	117,-312.0
14986,2015,10	306,-1734.0
15016,2015,10	4294,-9326.0
15024,2015,10	236,121.0
15027,2015,10	69,77.0
15041,2015,10	60,-302.0
15048,2015,10	57,-596.0
15070,2015,10	61,722.0
15096,2015,10	636,-1824.0
15249,2015,10	278,-1129.0
15295,2015,10	88,-1403.0
15304,2015,10	5132,-8006.0
15323,2015,10	159,-575.0
15356,2015,10	276,926.0
15370,2015,10	1312,1175.0
15376,2015,10	1303,852.0
15380,2015,10	208,-458.0
15389,2015,10	87,6.0
15401,2015,10	83,486.0
15411,2015,10	222,-28.0
15412,2015,10	620,274.0
15497,2015,10	14,-147.0
15607,2015,10	88,352.0
15624,2015,10	407,-519.0
15841,2015,10	61,423.0
15919,2015,10	932,1321.0
15991,2015,10	61,-22.0
16218,2015,10	176,-290.0
ABE,2015,1	156,650.0
ABE,2015,11	229,631.0
ABE,2015,12	148,809.0
ABE,2015,2	154,2171.0
ABE,2015,3	205,1003.0
ABE,2015,4	222,592.0
ABE,2015,5	228,440.0
ABE,2015,6	202,2097.0
ABE,2015,7	228,830.0
ABE,2015,8	230,1501.0
ABE,2015,9	218,2150.0
ABI,2015,1	227,2806.0
ABI,2015,11	186,-174.0
ABI,2015,12	193,479.0
ABI,2015,2	182,1777.0
ABI,2015,3	233,2475.0
ABI,2015,4	191,2102.0
ABI,2015,5	196,1639.0
ABI,2015,6	204,691.0
ABI,2015,7	209,-267.0
ABI,2015,8	210,-1180.0
ABI,2015,9	193,-1271.0
ABQ,2015,1	1557,8624.0
ABQ,2015,11	1614,6479.0
ABQ,2015,12	1585,12504.0
ABQ,2015,2	1354,7448.0
ABQ,2015,3	1674,8837.0
ABQ,2015,4	1740,9704.0
ABQ,2015,5	1834,11576.0
ABQ,2015,6	1887,18926.0
ABQ,2015,7	2031,14856.0
ABQ,2015,8	1925,11335.0
ABQ,2015,9	1752,-3874.0
ABR,2015,1	60,-223.0
ABR,2015,11	61,154.0
ABR,2015,12	61,-171.0
ABR,2015,2	53,-333.0
ABR,2015,3	61,-583.0
ABR,2015,4	59,-605.0
ABR,2015,5	61,-449.0
ABR,2015,6	59,-89.0
ABR,2015,7	61,150.0
ABR,2015,8	61,0.0
ABR,2015,9	60,-78.0
ABY,2015,1	80,545.0
ABY,2015,11	80,1115.0
ABY,2015,12	75,852.0
ABY,2015,2	72,391.0
ABY,2015,3	87,855.0
ABY,2015,4	83,608.0
ABY,2015,5	79,666.0
ABY,2015,6	75,601.0
ABY,2015,7	77,965.0
ABY,2015,8	78,459.0
ABY,2015,9	78,444.0
ACK,2015,5	48,598.0
ACK,2015,6	84,916.0
ACK,2015,7	139,-42.0
ACK,2015,8	138,749.0
ACK,2015,9	78,172.0
ACT,2015,1	142,2016.0
ACT,2015,11	140,665.0
ACT,2015,12	150,-259.0
ACT,2015,2	112,1697.0
ACT,2015,3	140,2947.0
ACT,2015,4	146,1066.0
ACT,2015,5	139,2921.0
ACT,2015,6	139,2585.0
ACT,2015,7	148,1744.0
ACT,2015,8	146,1149.0
ACT,2015,9	139,-139.0
ACV,2015,1	144,1040.0
ACV,2015,11	129,404.0
ACV,2015,12	118,2348.0
ACV,2015,2	124,1162.0
ACV,2015,3	97,1096.0
ACV,2015,4	107,581.0
ACV,2015,5	97,1231.0
ACV,2015,6	107,915.0
ACV,2015,7	120,1291.0
ACV,2015,8	116,1660.0
ACV,2015,9	108,531.0
ACY,2015,1	332,2881.0
ACY,2015,11	276,1533.0
ACY,2015,12	295,1338.0
ACY,2015,2	305,4870.0
ACY,2015,3	357,1882.0
ACY,2015,4	360,1050.0
ACY,2015,5	340,6358.0
ACY,2015,6	321,8854.0
ACY,2015,7	339,4860.0
ACY,2015,8	337,6548.0
ACY,2015,9	268,1570.0
ADK,2015,1	9,-221.0
ADK,2015,11	7,78.0
ADK,2015,12	6,-39.0
ADK,2015,2	8,-28.0
ADK,2015,3	8,31.0
ADK,2015,4	9,-45.0
ADK,2015,5	8,46.0
ADK,2015,6	8,-48.0
ADK,2015,7	9,-57.0
ADK,2015,8	9,35.0
ADK,2015,9	8,-36.0
ADQ,2015,1	29,27.0
ADQ,2015,11	29,-115.0
ADQ,2015,12	26,-85.0
ADQ,2015,2	24,7.0
ADQ,2015,3	30,85.0
ADQ,2015,4	30,122.0
ADQ,2015,5	60,-71.0
ADQ,2015,6	54,0.0
ADQ,2015,7	55,-164.0
ADQ,2015,8	53,58.0
ADQ,2015,9	47,-155.0
AEX,2015,1	280,1077.0
AEX,2015,11	269,712.0
AEX,2015,12	276,1807.0
AEX,2015,2	241,1458.0
AEX,2015,3	287,2613.0
AEX,2015,4	283,2093.0
AEX,2015,5	282,2634.0
AEX,2015,6	286,3399.0
AEX,2015,7	293,2254.0
AEX,2015,8	293,694.0
AEX,2015,9	265,297.0
AGS,2015,1	200,1326.0
AGS,2015,11	214,1445.0
AGS,2015,12	216,1641.0
AGS,2015,2	173,2401.0
AGS,2015,3	227,1142.0
AGS,2015,4	227,1075.0
AGS,2015,5	224,1538.0
AGS,2015,6	216,2835.0
AGS,2015,7	221,790.0
AGS,2015,8	214,580.0
AGS,2015,9	215,173.0
AKN,2015,6	24,197.0
AKN,2015,7	31,-25.0
AKN,2015,8	8,-22.0
ALB,2015,1	547,4872.0
ALB,2015,11	711,364.0
ALB,2015,12	766,1973.0
ALB,2015,2	523,5020.0
ALB,2015,3	673,5387.0
ALB,2015,4	679,2925.0
ALB,2015,5	696,3236.0
ALB,2015,6	626,7941.0
ALB,2015,7	706,8685.0
ALB,2015,8	720,5782.0
ALB,2015,9	694,2092.0
ALO,2015,1	49,1569.0
ALO,2015,11	52,287.0
ALO,2015,12	55,-141.0
ALO,2015,2	46,1566.0
ALO,2015,3	56,290.0
ALO,2015,4	55,-551.0
ALO,2015,5	55,-176.0
ALO,2015,6	53,219.0
ALO,2015,7	58,280.0
ALO,2015,8	55,110.0
ALO,2015,9	51,25.0
AMA,2015,1	505,5295.0
AMA,2015,11	258,1719.0
AMA,2015,12	237,493.0
AMA,2015,2	420,3934.0
AMA,2015,3	463,2918.0
AMA,2015,4	337,2413.0
AMA,2015,5	326,3666.0
AMA,2015,6	471,3793.0
AMA,2015,7	450,3003.0
AMA,2015,8	315,585.0
AMA,2015,9	289,-675.0
ANC,2015,1	1165,-4732.0
ANC,2015,11	1165,3722.0
ANC,2015,12	1234,-6547.0
ANC,2015,2	1002,-2147.0
ANC,2015,3	1193,3699.0
ANC,2015,4	1163,-5368.0
ANC,2015,5	1498,-2620.0
ANC,2015,6	1880,10309.0
ANC,2015,7	2068,15603.0
ANC,2015,8	1982,13533.0
ANC,2015,9	1469,2633.0
APN,2015,1	49,1173.0
APN,2015,11	49,-180.0
APN,2015,12	51,494.0
APN,2015,2	43,581.0
APN,2015,3	52,54.0
APN,2015,4	51,71.0
APN,2015,5	51,-310.0
APN,2015,6	51,-330.0
APN,2015,7	53,53.0
APN,2015,8	50,-332.0
APN,2015,9	49,-396.0
ASE,2015,1	585,10139.0
ASE,2015,11	32,645.0
ASE,2015,12	387,15643.0
ASE,2015,2	544,10166.0
ASE,2015,3	702,5938.0
ASE,2015,4	173,242.0
ASE,2015,5	34,420.0
ASE,2015,6	227,3869.0
ASE,2015,7	253,2551.0
ASE,2015,8	211,1748.0
ASE,2015,9	112,243.0
ATL,2015,1	29172,16908.0
ATL,2015,11	30819,7375.0
ATL,2015,12	30605,204745.0
ATL,2015,2	26343,116495.0
ATL,2015,3	32454,95362.0
ATL,2015,4	31194,42358.0
ATL,2015,5	32130,63369.0
ATL,2015,6	32244,204959.0
ATL,2015,7	33435,54424.0
ATL,2015,8	33458,59809.0
ATL,2015,9	31222,-102027.0
ATW,2015,1	221,1932.0
ATW,2015,11	246,-63.0
ATW,2015,12	221,1389.0
ATW,2015,2	200,3258.0
ATW,2015,3	277,171.0
ATW,2015,4	252,-633.0
ATW,2015,5	295,69.0
ATW,2015,6	206,1363.0
ATW,2015,7	311,860.0
ATW,2015,8	294,1396.0
ATW,2015,9	240,127.0
AUS,2015,1	3337,24202.0
AUS,2015,11	3821,56745.0
AUS,2015,12	3831,18828.0
AUS,2015,2	2982,23620.0
AUS,2015,3	3692,29093.0
AUS,2015,4	3720,22850.0
AUS,2015,5	3851,37705.0
AUS,2015,6	4000,35361.0
AUS,2015,7	4280,24645.0
AUS,2015,8	4143,18335.0
AUS,2015,9	3788,-12957.0
AVL,2015,1	207,1446.0
AVL,2015,11	209,1466.0
AVL,2015,12	199,3174.0
AVL,2015,2	174,1780.0
AVL,2015,3	234,2089.0
AVL,2015,4	218,1155.0
AVL,2015,5	210,989.0
AVL,2015,6	309,2521.0
AVL,2015,7	339,1955.0
AVL,2015,8	313,1117.0
AVL,2015,9	279,-211.0
AVP,2015,1	115,1640.0
AVP,2015,11	155,1208.0
AVP,2015,12	110,-64.0
AVP,2015,2	85,1296.0
AVP,2015,3	90,445.0
AVP,2015,4	138,447.0
AVP,2015,5	153,860.0
AVP,2015,6	107,1655.0
AVP,2015,7	145,2332.0
AVP,2015,8	118,1591.0
AVP,2015,9	109,1572.0
AZO,2015,1	191,2650.0
AZO,2015,11	182,-210.0
AZO,2015,12	210,-767.0
AZO,2015,2	129,2687.0
AZO,2015,3	188,981.0
AZO,2015,4	142,-1556.0
AZO,2015,5	132,-1154.0
AZO,2015,6	151,1154.0
AZO,2015,7	124,-926.0
AZO,2015,8	137,-135.0
AZO,2015,9	157,-530.0
BDL,2015,1	1577,11859.0
BDL,2015,11	1741,2111.0
BDL,2015,12	1685,10044.0
BDL,2015,2	1339,16487.0
BDL,2015,3	1688,9805.0
BDL,2015,4	1689,6781.0
BDL,2015,5	1808,7551.0
BDL,2015,6	1759,21763.0
BDL,2015,7	1832,16044.0
BDL,2015,8	1735,13869.0
BDL,2015,9	1551,5136.0
BET,2015,1	80,-270.0
BET,2015,11	73,1082.0
BET,2015,12	75,-29.0
BET,2015,2	75,423.0
BET,2015,3	84,70.0
BET,2015,4	81,-38.0
BET,2015,5	82,55.0
BET,2015,6	81,270.0
BET,2015,7	85,369.0
BET,2015,8	82,484.0
BET,2015,9	81,28.0
BFL,2015,1	225,2690.0
BFL,2015,11	232,-3.0
BFL,2015,12	224,1594.0
BFL,2015,2	200,1127.0
BFL,2015,3	240,683.0
BFL,2015,4	257,1371.0
BFL,2015,5	262,1733.0
BFL,2015,6	260,2466.0
BFL,2015,7	253,836.0
BFL,2015,8	238,1774.0
BFL,2015,9	196,-38.0
BGM,2015,11	28,-14.0
BGM,2015,12	62,560.0
BGM,2015,2	36,712.0
BGM,2015,6	42,-180.0
BGM,2015,7	60,-1.0
BGM,2015,8	29,4.0
BGM,2015,9	1,6.0
BGR,2015,11	33,50.0
BGR,2015,12	23,170.0
BGR,2015,2	21,279.0
BGR,2015,4	1,15.0
BGR,2015,5	58,283.0
BGR,2015,6	44,770.0
BGR,2015,7	66,-313.0
BGR,2015,8	75,-92.0
BGR,2015,9	42,-356.0
BHM,2015,1	1136,8538.0
BHM,2015,11	1103,1114.0
BHM,2015,12	1030,6905.0
BHM,2015,2	1014,7688.0
BHM,2015,3	1181,8415.0
BHM,2015,4	1077,4751.0
BHM,2015,5	1137,5400.0
BHM,2015,6	1186,12623.0
BHM,2015,7	1180,8704.0
BHM,2015,8	1163,6477.0
BHM,2015,9	1100,-1550.0
BIL,2015,1	221,969.0
BIL,2015,11	253,-423.0
BIL,2015,12	266,1128.0
BIL,2015,2	206,965.0
BIL,2015,3	246,289.0
BIL,2015,4	222,138.0
BIL,2015,5	249,1291.0
BIL,2015,6	277,1083.0
BIL,2015,7	337,737.0
BIL,2015,8	332,-32.0
BIL,2015,9	243,-1055.0
BIS,2015,1	303,4576.0
BIS,2015,11	297,-1034.0
BIS,2015,12	299,276.0
BIS,2015,2	269,4778.0
BIS,2015,3	295,1400.0
BIS,2015,4	295,1234.0
BIS,2015,5	319,103.0
BIS,2015,6	318,3098.0
BIS,2015,7	357,1559.0
BIS,2015,8	352,756.0
BIS,2015,9	299,-340.0
BJI,2015,1	62,-16.0
BJI,2015,11	59,255.0
BJI,2015,12	62,-974.0
BJI,2015,2	56,-400.0
BJI,2015,3	61,-448.0
BJI,2015,4	60,-525.0
BJI,2015,5	62,503.0
BJI,2015,6	60,132.0
BJI,2015,7	61,71.0
BJI,2015,8	62,416.0
BJI,2015,9	60,-211.0
BLI,2015,1	91,-624.0
BLI,2015,11	90,-572.0
BLI,2015,12	100,-763.0
BLI,2015,2	84,-596.0
BLI,2015,3	105,-884.0
BLI,2015,4	92,-829.0
BLI,2015,5	92,-375.0
BLI,2015,6	17,-217.0
BLI,2015,8	31,84.0
BMI,2015,1	232,4179.0
BMI,2015,11	217,-88.0
BMI,2015,12	245,486.0
BMI,2015,2	214,4393.0
BMI,2015,3	259,3157.0
BMI,2015,4	225,1749.0
BMI,2015,5	225,1336.0
BMI,2015,6	261,2630.0
BMI,2015,7	256,465.0
BMI,2015,8	253,874.0
BMI,2015,9	244,-144.0
BNA,2015,1	4002,24618.0
BNA,2015,11	4227,841.0
BNA,2015,12	4169,23104.0
BNA,2015,2	3256,19091.0
BNA,2015,3	4295,21775.0
BNA,2015,4	4231,9709.0
BNA,2015,5	4334,16721.0
BNA,2015,6	4489,45359.0
BNA,2015,7	4686,37817.0
BNA,2015,8	4529,12719.0
BNA,2015,9	4257,-10841.0
BOI,2015,1	909,9336.0
BOI,2015,11	1138,3891.0
BOI,2015,12	1179,11571.0
BOI,2015,2	829,7156.0
BOI,2015,3	956,966.0
BOI,2015,4	914,3395.0
BOI,2015,5	1055,2607.0
BOI,2015,6	1130,11971.0
BOI,2015,7	1185,10888.0
BOI,2015,8	1165,5873.0
BOI,2015,9	1069,1018.0
BOS,2015,1	8173,56403.0
BOS,2015,11	9407,-4203.0
BOS,2015,12	9016,53286.0
BOS,2015,2	7240,154474.0
BOS,2015,3	9714,76173.0
BOS,2015,4	9927,29022.0
BOS,2015,5	10147,35623.0
BOS,2015,6	10399,84264.0
BOS,2015,7	10748,67303.0
BOS,2015,8	10608,79948.0
BOS,2015,9	9673,24347.0
BPT,2015,1	88,1773.0
BPT,2015,11	77,707.0
BPT,2015,12	84,1575.0
BPT,2015,2	73,1166.0
BPT,2015,3	74,1714.0
BPT,2015,4	85,1411.0
BPT,2015,5	81,1164.0
BPT,2015,6	87,1098.0
BPT,2015,7	91,890.0
BPT,2015,8	91,1117.0
BPT,2015,9	84,773.0
BQK,2015,1	84,-113.0
BQK,2015,11	81,596.0
BQK,2015,12	83,809.0
BQK,2015,2	78,667.0
BQK,2015,3	78,702.0
BQK,2015,4	76,371.0
BQK,2015,5	78,89.0
BQK,2015,6	75,359.0
BQK,2015,7	77,473.0
BQK,2015,8	78,470.0
BQK,2015,9	80,673.0
BQN,2015,1	112,1408.0
BQN,2015,11	115,976.0
BQN,2015,12	140,2618.0
BQN,2015,2	80,861.0
BQN,2015,3	98,1592.0
BQN,2015,4	98,1284.0
BQN,2015,5	120,1142.0
BQN,2015,6	150,2170.0
BQN,2015,7	172,2317.0
BQN,2015,8	151,1524.0
BQN,2015,9	92,300.0
BRD,2015,1	53,-116.0
BRD,2015,11	49,-506.0
BRD,2015,12	52,-914.0
BRD,2015,2	47,-255.0
BRD,2015,3	53,-175.0
BRD,2015,4	52,-446.0
BRD,2015,5	52,-341.0
BRD,2015,6	52,-161.0
BRD,2015,7	61,-198.0
BRD,2015,8	60,-177.0
BRD,2015,9	52,1181.0
BRO,2015,1	189,1850.0
BRO,2015,11	184,-276.0
BRO,2015,12	182,-664.0
BRO,2015,2	187,957.0
BRO,2015,3	231,2800.0
BRO,2015,4	206,1186.0
BRO,2015,5	210,2402.0
BRO,2015,6	227,3083.0
BRO,2015,7	234,394.0
BRO,2015,8	228,-233.0
BRO,2015,9	188,-1367.0
BRW,2015,1	78,919.0
BRW,2015,11	75,125.0
BRW,2015,12	77,-46.0
BRW,2015,2	66,403.0
BRW,2015,3	77,680.0
BRW,2015,4	74,563.0
BRW,2015,5	78,-26.0
BRW,2015,6	75,334.0
BRW,2015,7	69,328.0
BRW,2015,8	75,22.0
BRW,2015,9	75,22.0
BTM,2015,1	59,-199.0
BTM,2015,11	55,-16.0
BTM,2015,12	55,981.0
BTM,2015,2	54,-402.0
BTM,2015,3	60,-494.0
BTM,2015,4	54,-359.0
BTM,2015,5	62,-365.0
BTM,2015,6	60,-401.0
BTM,2015,7	62,-556.0
BTM,2015,8	59,-27.0
BTM,2015,9	60,-698.0
BTR,2015,1	635,4878.0
BTR,2015,11	641,2936.0
BTR,2015,12	597,4404.0
BTR,2015,2	590,5973.0
BTR,2015,3	673,7733.0
BTR,2015,4	643,7991.0
BTR,2015,5	644,9354.0
BTR,2015,6	646,10157.0
BTR,2015,7	671,4592.0
BTR,2015,8	662,4591.0
BTR,2015,9	591,718.0
BTV,2015,1	232,2622.0
BTV,2015,11	231,765.0
BTV,2015,12	363,3873.0
BTV,2015,2	168,2907.0
BTV,2015,3	228,2629.0
BTV,2015,4	257,2945.0
BTV,2015,5	239,942.0
BTV,2015,6	264,3591.0
BTV,2015,7	302,2829.0
BTV,2015,8	277,1047.0
BTV,2015,9	345,1810.0
BUF,2015,1	1254,9869.0
BUF,2015,11	1477,-2418.0
BUF,2015,12	1501,6936.0
BUF,2015,2	1159,14331.0
BUF,2015,3	1524,10908.0
BUF,2015,4	1583,6119.0
BUF,2015,5	1667,1148.0
BUF,2015,6	1598,15862.0
BUF,2015,7	1660,14751.0
BUF,2015,8	1582,12221.0
BUF,2015,9	1511,-631.0
BUR,2015,1	1657,7317.0
BUR,2015,11	1687,5958.0
BUR,2015,12	1716,11311.0
BUR,2015,2	1498,9970.0
BUR,2015,3	1729,3345.0
BUR,2015,4	1679,6914.0
BUR,2015,5	1700,9729.0
BUR,2015,6	1702,10794.0
BUR,2015,7	1793,12203.0
BUR,2015,8	1739,8171.0
BUR,2015,9	1671,-428.0
BWI,2015,1	6738,21322.0
BWI,2015,11	7843,-4106.0
BWI,2015,12	7913,28868.0
BWI,2015,2	5867,27305.0
BWI,2015,3	7393,14109.0
BWI,2015,4	7833,-12865.0
BWI,2015,5	8081,2348.0
BWI,2015,6	8108,92912.0
BWI,2015,7	8666,72908.0
BWI,2015,8	8160,44302.0
BWI,2015,9	7670,16515.0
BZN,2015,1	248,2363.0
BZN,2015,11	249,-887.0
BZN,2015,12	319,3808.0
BZN,2015,2	269,1856.0
BZN,2015,3	297,685.0
BZN,2015,4	199,312.0
BZN,2015,5	169,110.0
BZN,2015,6	359,1024.0
BZN,2015,7	512,765.0
BZN,2015,8	523,1667.0
BZN,2015,9	420,-2020.0
CAE,2015,1	516,5022.0
CAE,2015,11	439,4129.0
CAE,2015,12	419,5752.0
CAE,2015,2	459,6756.0
CAE,2015,3	496,5059.0
CAE,2015,4	453,3278.0
CAE,2015,5	457,4697.0
CAE,2015,6	451,5836.0
CAE,2015,7	456,4436.0
CAE,2015,8	462,2333.0
CAE,2015,9	441,490.0
CAK,2015,1	551,2655.0
CAK,2015,11	544,252.0
CAK,2015,12	481,555.0
CAK,2015,2	484,3632.0
CAK,2015,3	649,5105.0
CAK,2015,4	572,-373.0
CAK,2015,5	591,3605.0
CAK,2015,6	547,7029.0
CAK,2015,7	574,7006.0
CAK,2015,8	530,2803.0
CAK,2015,9	462,-1771.0
CDC,2015,1	53,284.0
CDC,2015,11	51,251.0
CDC,2015,12	53,1065.0
CDC,2015,2	47,13.0
CDC,2015,3	53,440.0
CDC,2015,4	52,281.0
CDC,2015,5	52,518.0
CDC,2015,6	51,195.0
CDC,2015,7	54,248.0
CDC,2015,8	52,452.0
CDC,2015,9	52,402.0
CDV,2015,1	60,-185.0
CDV,2015,11	58,100.0
CDV,2015,12	58,-512.0
CDV,2015,2	54,-207.0
CDV,2015,3	61,435.0
CDV,2015,4	58,272.0
CDV,2015,5	62,-80.0
CDV,2015,6	59,197.0
CDV,2015,7	62,208.0
CDV,2015,8	62,18.0
CDV,2015,9	60,335.0
CEC,2015,1	60,477.0
CEC,2015,2	50,305.0
CEC,2015,3	54,18.0
CEC,2015,4	11,-51.0
CHA,2015,1	305,1531.0
CHA,2015,11	395,3165.0
CHA,2015,12	366,3161.0
CHA,2015,2	309,3549.0
CHA,2015,3	374,2461.0
CHA,2015,4	394,957.0
CHA,2015,5	415,2253.0
CHA,2015,6	391,5289.0
CHA,2015,7	400,1413.0
CHA,2015,8	401,1192.0
CHA,2015,9	385,781.0
CHO,2015,1	188,4256.0
CHO,2015,11	213,1361.0
CHO,2015,12	183,2512.0
CHO,2015,2	158,4420.0
CHO,2015,3	199,2715.0
CHO,2015,4	172,252.0
CHO,2015,5	198,1375.0
CHO,2015,6	176,1915.0
CHO,2015,7	195,1199.0
CHO,2015,8	206,2637.0
CHO,2015,9	223,14.0
CHS,2015,1	900,6481.0
CHS,2015,11	1197,1042.0
CHS,2015,12	1059,3913.0
CHS,2015,2	728,7179.0
CHS,2015,3	1001,4958.0
CHS,2015,4	1152,3415.0
CHS,2015,5	1132,892.0
CHS,2015,6	1065,8281.0
CHS,2015,7	1162,5064.0
CHS,2015,8	1129,3975.0
CHS,2015,9	1069,1605.0
CID,2015,1	634,11655.0
CID,2015,11	479,772.0
CID,2015,12	534,1405.0
CID,2015,2	564,13161.0
CID,2015,3	627,6371.0
CID,2015,4	621,2479.0
CID,2015,5	699,2132.0
CID,2015,6	635,6838.0
CID,2015,7	701,3030.0
CID,2015,8	642,2070.0
CID,2015,9	475,-598.0
CIU,2015,1	57,936.0
CIU,2015,11	56,101.0
CIU,2015,12	58,-298.0
CIU,2015,2	49,587.0
CIU,2015,3	58,480.0
CIU,2015,4	54,381.0
CIU,2015,5	60,203.0
CIU,2015,6	22,165.0
CIU,2015,7	62,381.0
CIU,2015,8	62,552.0
CIU,2015,9	58,-138.0
CLD,2015,1	199,208.0
CLD,2015,2	180,1496.0
CLD,2015,3	208,1064.0
CLD,2015,4	39,-17.0
CLE,2015,1	2908,21726.0
CLE,2015,11	3036,-6128.0
CLE,2015,12	2782,5297.0
CLE,2015,2	2666,31318.0
CLE,2015,3	3049,16694.0
CLE,2015,4	3102,5423.0
CLE,2015,5	3350,11074.0
CLE,2015,6	3219,40916.0
CLE,2015,7	3322,18090.0
CLE,2015,8	3288,16870.0
CLE,2015,9	3111,-6620.0
CLL,2015,1	196,1945.0
CLL,2015,11	212,-1143.0
CLL,2015,12	185,-706.0
CLL,2015,2	165,1425.0
CLL,2015,3	177,1404.0
CLL,2015,4	197,657.0
CLL,2015,5	210,981.0
CLL,2015,6	221,560.0
CLL,2015,7	215,-346.0
CLL,2015,8	216,-440.0
CLL,2015,9	204,-807.0
CLT,2015,1	9180,14685.0
CLT,2015,11	9136,-13297.0
CLT,2015,12	9182,28004.0
CLT,2015,2	7785,41091.0
CLT,2015,3	9252,23561.0
CLT,2015,4	8806,18293.0
CLT,2015,5	9154,-2866.0
CLT,2015,6	8920,42504.0
CLT,2015,7	9278,25944.0
CLT,2015,8	9105,28874.0
CLT,2015,9	9032,-2239.0
CMH,2015,1	1985,22907.0
CMH,2015,11	2138,-1293.0
CMH,2015,12	2068,6442.0
CMH,2015,2	1799,20192.0
CMH,2015,3	2336,16048.0
CMH,2015,4	2236,2899.0
CMH,2015,5	2225,6508.0
CMH,2015,6	2269,24394.0
CMH,2015,7	2331,22231.0
CMH,2015,8	2215,9474.0
CMH,2015,9	2043,-5013.0
CMI,2015,1	188,5577.0
CMI,2015,11	202,-142.0
CMI,2015,12	199,58.0
CMI,2015,2	162,4555.0
CMI,2015,3	179,1580.0
CMI,2015,4	170,-671.0
CMI,2015,5	177,-407.0
CMI,2015,6	169,1128.0
CMI,2015,7	175,-548.0
CMI,2015,8	188,-1645.0
CMI,2015,9	192,-2155.0
CMX,2015,1	49,449.0
CMX,2015,11	57,63.0
CMX,2015,12	55,70.0
CMX,2015,2	47,690.0
CMX,2015,3	57,305.0
CMX,2015,4	58,19.0
CMX,2015,5	59,-390.0
CMX,2015,6	57,1459.0
CMX,2015,7	60,-10.0
CMX,2015,8	58,60.0
CMX,2015,9	58,-130.0
CNY,2015,1	54,-813.0
CNY,2015,2	47,-378.0
CNY,2015,3	53,-664.0
CNY,2015,4	51,-518.0
COD,2015,1	57,24.0
COD,2015,11	31,-4.0
COD,2015,12	33,183.0
COD,2015,2	54,772.0
COD,2015,3	59,-115.0
COD,2015,4	56,-59.0
COD,2015,5	61,287.0
COD,2015,6	88,816.0
COD,2015,7	98,626.0
COD,2015,8	75,493.0
COD,2015,9	32,-326.0
COS,2015,1	577,11599.0
COS,2015,11	566,5144.0
COS,2015,12	606,6688.0
COS,2015,2	531,8508.0
COS,2015,3	632,2703.0
COS,2015,4	647,4185.0
COS,2015,5	665,6388.0
COS,2015,6	666,10755.0
COS,2015,7	628,7248.0
COS,2015,8	635,5243.0
COS,2015,9	591,153.0
COU,2015,1	121,3165.0
COU,2015,11	113,93.0
COU,2015,12	122,-507.0
COU,2015,2	98,2835.0
COU,2015,3	115,1600.0
COU,2015,4	113,120.0
COU,2015,5	109,2939.0
COU,2015,6	112,2733.0
COU,2015,7	120,843.0
COU,2015,8	119,208.0
COU,2015,9	114,-444.0
CPR,2015,1	163,1164.0
CPR,2015,11	132,-521.0
CPR,2015,12	97,-99.0
CPR,2015,2	144,475.0
CPR,2015,3	197,-718.0
CPR,2015,4	191,-383.0
CPR,2015,5	118,-403.0
CPR,2015,6	164,287.0
CPR,2015,7	212,637.0
CPR,2015,8	188,-598.0
CPR,2015,9	141,-1297.0
CRP,2015,1	535,6039.0
CRP,2015,11	368,1583.0
CRP,2015,12	313,2177.0
CRP,2015,2	484,4117.0
CRP,2015,3	553,7155.0
CRP,2015,4	546,6097.0
CRP,2015,5	545,8640.0
CRP,2015,6	372,4980.0
CRP,2015,7	365,1187.0
CRP,2015,8	330,1611.0
CRP,2015,9	299,-617.0
CRW,2015,1	172,2372.0
CRW,2015,11	209,565.0
CRW,2015,12	208,714.0
CRW,2015,2	153,2960.0
CRW,2015,3	231,2710.0
CRW,2015,4	233,1062.0
CRW,2015,5	240,2260.0
CRW,2015,6	222,2271.0
CRW,2015,7	221,1133.0
CRW,2015,8	224,1608.0
CRW,2015,9	209,1045.0
CSG,2015,1	80,1299.0
CSG,2015,11	103,923.0
CSG,2015,12	73,883.0
CSG,2015,2	90,795.0
CSG,2015,3	111,1044.0
CSG,2015,4	111,599.0
CSG,2015,5	109,296.0
CSG,2015,6	75,651.0
CSG,2015,7	101,810.0
CSG,2015,8	100,837.0
CSG,2015,9	106,779.0
CVG,2015,1	1656,15726.0
CVG,2015,11	1735,1064.0
CVG,2015,12	1606,6540.0
CVG,2015,2	1515,22868.0
CVG,2015,3	1817,10396.0
CVG,2015,4	1805,6025.0
CVG,2015,5	1919,6827.0
CVG,2015,6	1915,23849.0
CVG,2015,7	1890,19131.0
CVG,2015,8	1938,6366.0
CVG,2015,9	1769,2330.0
CWA,2015,1	111,3208.0
CWA,2015,11	156,307.0
CWA,2015,12	122,64.0
CWA,2015,2	112,3245.0
CWA,2015,3	137,1119.0
CWA,2015,4	118,22.0
CWA,2015,5	118,-228.0
CWA,2015,6	113,1683.0
CWA,2015,7	113,754.0
CWA,2015,8	126,516.0
CWA,2015,9	134,640.0
DAB,2015,1	119,-303.0
DAB,2015,11	115,-577.0
DAB,2015,12	130,1276.0
DAB,2015,2	125,834.0
DAB,2015,3	155,-213.0
DAB,2015,4	149,136.0
DAB,2015,5	152,-69.0
DAB,2015,6	149,1161.0
DAB,2015,7	149,531.0
DAB,2015,8	135,355.0
DAB,2015,9	111,-82.0
DAL,2015,1	5059,8805.0
DAL,2015,11	5642,11047.0
DAL,2015,12	5726,36681.0
DAL,2015,2	4480,10916.0
DAL,2015,3	5010,13922.0
DAL,2015,4	5099,25421.0
DAL,2015,5	5284,66071.0
DAL,2015,6	5296,46965.0
DAL,2015,7	5536,35394.0
DAL,2015,8	5760,10093.0
DAL,2015,9	5713,-26742.0
DAY,2015,1	751,8007.0
DAY,2015,11	700,605.0
DAY,2015,12	682,4565.0
DAY,2015,2	693,7912.0
DAY,2015,3	779,5077.0
DAY,2015,4	757,463.0
DAY,2015,5	799,224.0
DAY,2015,6	788,8888.0
DAY,2015,7	894,8614.0
DAY,2015,8	845,2435.0
DAY,2015,9	695,435.0
DBQ,2015,1	70,1780.0
DBQ,2015,11	76,60.0
DBQ,2015,12	80,-75.0
DBQ,2015,2	64,2360.0
DBQ,2015,3	79,438.0
DBQ,2015,4	81,-319.0
DBQ,2015,5	82,-672.0
DBQ,2015,6	81,270.0
DBQ,2015,7	87,-78.0
DBQ,2015,8	83,-504.0
DBQ,2015,9	84,-334.0
DCA,2015,1	6362,26567.0
DCA,2015,11	6428,1742.0
DCA,2015,12	6314,39138.0
DCA,2015,2	5668,45405.0
DCA,2015,3	6609,30922.0
DCA,2015,4	6780,-2804.0
DCA,2015,5	6854,22125.0
DCA,2015,6	6481,59871.0
DCA,2015,7	6753,35562.0
DCA,2015,8	6847,25223.0
DCA,2015,9	6517,6749.0
DEN,2015,1	16733,126303.0
DEN,2015,11	16861,56817.0
DEN,2015,12	17567,127829.0
DEN,2015,2	15189,130596.0
DEN,2015,3	18419,39638.0
DEN,2015,4	17244,54132.0
DEN,2015,5	17859,82650.0
DEN,2015,6	18283,218992.0
DEN,2015,7	18842,140609.0
DEN,2015,8	18694,64113.0
DEN,2015,9	17342,-60507.0
DFW,2015,1	22590,205764.0
DFW,2015,11	19186,29103.0
DFW,2015,12	19866,55797.0
DFW,2015,2	18737,158006.0
DFW,2015,3	21991,185750.0
DFW,2015,4	21214,220555.0
DFW,2015,5	21094,247505.0
DFW,2015,6	22042,234759.0
DFW,2015,7	22692,73560.0
DFW,2015,8	22091,66363.0
DFW,2015,9	20261,-117578.0
DHN,2015,1	116,932.0
DHN,2015,11	112,583.0
DHN,2015,12	113,1555.0
DHN,2015,2	99,59.0
DHN,2015,3	119,489.0
DHN,2015,4	114,902.0
DHN,2015,5	115,253.0
DHN,2015,6	111,1049.0
DHN,2015,7	118,644.0
DHN,2015,8	117,585.0
DHN,2015,9	108,75.0
DIK,2015,1	108,740.0
DIK,2015,11	55,-593.0
DIK,2015,2	90,776.0
DIK,2015,3	134,-831.0
DIK,2015,4	148,-165.0
DIK,2015,5	131,-388.0
DIK,2015,6	64,-216.0
DIK,2015,7	64,-584.0
DIK,2015,8	61,-711.0
DIK,2015,9	59,-629.0
DLG,2015,6	24,18.0
DLG,2015,7	31,-132.0
DLG,2015,8	22,-209.0
DLH,2015,1	146,992.0
DLH,2015,11	185,1423.0
DLH,2015,12	175,399.0
DLH,2015,2	127,1299.0
DLH,2015,3	101,55.0
DLH,2015,4	108,11.0
DLH,2015,5	123,-496.0
DLH,2015,6	169,16.0
DLH,2015,7	150,483.0
DLH,2015,8	161,1380.0
DLH,2015,9	215,1594.0
DRO,2015,1	180,865.0
DRO,2015,11	146,-713.0
DRO,2015,12	185,485.0
DRO,2015,2	152,1542.0
DRO,2015,3	181,303.0
DRO,2015,4	194,781.0
DRO,2015,5	196,485.0
DRO,2015,6	203,786.0
DRO,2015,7	205,-217.0
DRO,2015,8	194,152.0
DRO,2015,9	179,-1076.0
DSM,2015,1	802,12629.0
DSM,2015,11	730,2198.0
DSM,2015,12	767,2351.0
DSM,2015,2	709,12019.0
DSM,2015,3	790,8064.0
DSM,2015,4	706,792.0
DSM,2015,5	692,3299.0
DSM,2015,6	739,11748.0
DSM,2015,7	773,5626.0
DSM,2015,8	753,3609.0
DSM,2015,9	669,-1919.0
DTW,2015,1	9252,37512.0
DTW,2015,11	9791,-19882.0
DTW,2015,12	9510,20184.0
DTW,2015,2	8346,90938.0
DTW,2015,3	10099,41638.0
DTW,2015,4	9944,16523.0
DTW,2015,5	10387,31264.0
DTW,2015,6	9698,104231.0
DTW,2015,7	10426,36345.0
DTW,2015,8	10158,33358.0
DTW,2015,9	9358,5002.0
DVL,2015,1	40,1165.0
DVL,2015,11	42,279.0
DVL,2015,12	43,-212.0
DVL,2015,2	35,369.0
DVL,2015,3	47,118.0
DVL,2015,4	45,-225.0
DVL,2015,5	47,-553.0
DVL,2015,6	47,40.0
DVL,2015,7	48,-331.0
DVL,2015,8	36,-189.0
DVL,2015,9	45,-620.0
EAU,2015,1	59,1327.0
EAU,2015,11	57,332.0
EAU,2015,12	58,-129.0
EAU,2015,2	53,476.0
EAU,2015,3	58,178.0
EAU,2015,4	57,5.0
EAU,2015,5	60,-114.0
EAU,2015,6	54,645.0
EAU,2015,7	60,674.0
EAU,2015,8	60,1213.0
EAU,2015,9	60,-174.0
ECP,2015,1	233,1554.0
ECP,2015,11	343,-1433.0
ECP,2015,12	325,669.0
ECP,2015,2	206,1200.0
ECP,2015,3	414,788.0
ECP,2015,4	425,-46.0
ECP,2015,5	436,1714.0
ECP,2015,6	449,4203.0
ECP,2015,7	487,2792.0
ECP,2015,8	459,2093.0
ECP,2015,9	365,-876.0
EGE,2015,1	289,2577.0
EGE,2015,11	11,-92.0
EGE,2015,12	175,3050.0
EGE,2015,2	249,3207.0
EGE,2015,3	284,1697.0
EGE,2015,4	48,361.0
EGE,2015,6	30,686.0
EGE,2015,7	44,381.0
EGE,2015,8	38,92.0
EGE,2015,9	30,205.0
EKO,2015,1	61,-50.0
EKO,2015,11	41,451.0
EKO,2015,12	50,669.0
EKO,2015,2	52,-111.0
EKO,2015,3	58,-117.0
EKO,2015,4	53,239.0
EKO,2015,5	57,132.0
EKO,2015,6	55,-125.0
EKO,2015,7	57,-240.0
EKO,2015,8	29,-135.0
EKO,2015,9	5,-12.0
ELM,2015,1	159,2908.0
ELM,2015,11	191,-14.0
ELM,2015,12	165,23.0
ELM,2015,2	160,3548.0
ELM,2015,3	186,1287.0
ELM,2015,4	191,1766.0
ELM,2015,5	195,914.0
ELM,2015,6	183,1352.0
ELM,2015,7	197,1950.0
ELM,2015,8	197,171.0
ELM,2015,9	182,1296.0
ELP,2015,1	1070,8689.0
ELP,2015,11	1060,6144.0
ELP,2015,12	1008,9008.0
ELP,2015,2	921,5274.0
ELP,2015,3	1123,5163.0
ELP,2015,4	1158,9267.0
ELP,2015,5	1137,15825.0
ELP,2015,6	1122,12271.0
ELP,2015,7	1133,10844.0
ELP,2015,8	1090,5771.0
ELP,2015,9	1021,-2650.0
ERI,2015,1	119,1148.0
ERI,2015,11	54,337.0
ERI,2015,12	54,159.0
ERI,2015,2	67,643.0
ERI,2015,3	66,-254.0
ERI,2015,4	55,-513.0
ERI,2015,5	59,-367.0
ERI,2015,6	56,690.0
ERI,2015,7	60,769.0
ERI,2015,8	60,1043.0
ERI,2015,9	57,400.0
ESC,2015,1	47,730.0
ESC,2015,11	48,-255.0
ESC,2015,12	52,-185.0
ESC,2015,2	44,311.0
ESC,2015,3	53,610.0
ESC,2015,4	51,-83.0
ESC,2015,5	52,-207.0
ESC,2015,6	49,37.0
ESC,2015,7	53,-323.0
ESC,2015,8	51,146.0
ESC,2015,9	51,-143.0
EUG,2015,1	313,3373.0
EUG,2015,11	285,212.0
EUG,2015,12	293,5154.0
EUG,2015,2	279,1784.0
EUG,2015,3	326,178.0
EUG,2015,4	330,1684.0
EUG,2015,5	349,1105.0
EUG,2015,6	343,1429.0
EUG,2015,7	359,1100.0
EUG,2015,8	361,488.0
EUG,2015,9	323,-102.0
EVV,2015,1	296,4411.0
EVV,2015,11	369,-600.0
EVV,2015,12	338,-150.0
EVV,2015,2	261,3843.0
EVV,2015,3	319,1537.0
EVV,2015,4	295,-181.0
EVV,2015,5	304,459.0
EVV,2015,6	376,3136.0
EVV,2015,7	395,687.0
EVV,2015,8	389,-1073.0
EVV,2015,9	374,-1707.0
EWN,2015,1	55,184.0
EWN,2015,11	53,300.0
EWN,2015,12	54,378.0
EWN,2015,2	49,315.0
EWN,2015,3	48,167.0
EWN,2015,4	45,279.0
EWN,2015,5	48,461.0
EWN,2015,6	47,519.0
EWN,2015,7	57,714.0
EWN,2015,8	56,782.0
EWN,2015,9	52,568.0
EWR,2015,1	8021,61743.0
EWR,2015,11	9137,50614.0
EWR,2015,12	9404,103418.0
EWR,2015,2	7428,58930.0
EWR,2015,3	8973,71846.0
EWR,2015,4	9220,7270.0
EWR,2015,5	9096,26326.0
EWR,2015,6	9199,155077.0
EWR,2015,7	9640,127041.0
EWR,2015,8	9471,66388.0
EWR,2015,9	8634,4571.0
EYW,2015,1	242,363.0
EYW,2015,11	168,937.0
EYW,2015,12	205,2400.0
EYW,2015,2	202,792.0
EYW,2015,3	216,16.0
EYW,2015,4	199,422.0
EYW,2015,5	138,12.0
EYW,2015,6	146,3437.0
EYW,2015,7	157,1263.0
EYW,2015,8	171,947.0
EYW,2015,9	104,238.0
FAI,2015,1	155,-565.0
FAI,2015,11	168,-203.0
FAI,2015,12	169,-1008.0
FAI,2015,2	136,-512.0
FAI,2015,3	171,938.0
FAI,2015,4	170,-515.0
FAI,2015,5	209,-85.0
FAI,2015,6	262,2533.0
FAI,2015,7	276,2313.0
FAI,2015,8	261,2122.0
FAI,2015,9	186,-490.0
FAR,2015,1	466,7115.0
FAR,2015,11	490,3624.0
FAR,2015,12	528,589.0
FAR,2015,2	393,6411.0
FAR,2015,3	502,2421.0
FAR,2015,4	486,860.0
FAR,2015,5	510,565.0
FAR,2015,6	545,5140.0
FAR,2015,7	621,3382.0
FAR,2015,8	607,2229.0
FAR,2015,9	440,468.0
FAT,2015,1	678,7512.0
FAT,2015,11	577,1939.0
FAT,2015,12	541,5371.0
FAT,2015,2	599,4602.0
FAT,2015,3	649,4828.0
FAT,2015,4	640,4282.0
FAT,2015,5	654,2909.0
FAT,2015,6	626,5320.0
FAT,2015,7	657,6934.0
FAT,2015,8	678,6353.0
FAT,2015,9	650,2825.0
FAY,2015,1	155,486.0
FAY,2015,11	164,-10.0
FAY,2015,12	150,1564.0
FAY,2015,2	139,1172.0
FAY,2015,3	142,705.0
FAY,2015,4	126,1207.0
FAY,2015,5	164,729.0
FAY,2015,6	145,702.0
FAY,2015,7	149,861.0
FAY,2015,8	150,1285.0
FAY,2015,9	133,39.0
FCA,2015,1	122,623.0
FCA,2015,11	137,-548.0
FCA,2015,12	144,990.0
FCA,2015,2	118,528.0
FCA,2015,3	154,-645.0
FCA,2015,4	121,-305.0
FCA,2015,5	144,-378.0
FCA,2015,6	200,657.0
FCA,2015,7	316,682.0
FCA,2015,8	311,1100.0
FCA,2015,9	230,-145.0
FLG,2015,1	140,1264.0
FLG,2015,11	147,501.0
FLG,2015,12	147,9.0
FLG,2015,2	122,729.0
FLG,2015,3	127,558.0
FLG,2015,4	121,490.0
FLG,2015,5	152,148.0
FLG,2015,6	169,1464.0
FLG,2015,7	176,1523.0
FLG,2015,8	167,1697.0
FLG,2015,9	139,-22.0
FLL,2015,1	7016,16526.0
FLL,2015,11	6675,-11169.0
FLL,2015,12	7551,77088.0
FLL,2015,2	6477,57611.0
FLL,2015,3	7651,41498.0
FLL,2015,4	6928,10454.0
FLL,2015,5	6468,16324.0
FLL,2015,6	6150,61894.0
FLL,2015,7	6402,45053.0
FLL,2015,8	6055,58574.0
FLL,2015,9	5302,30732.0
FNT,2015,1	378,3514.0
FNT,2015,11	425,-1444.0
FNT,2015,12	382,792.0
FNT,2015,2	329,4419.0
FNT,2015,3	442,973.0
FNT,2015,4	455,133.0
FNT,2015,5	481,1633.0
FNT,2015,6	437,4569.0
FNT,2015,7	459,2873.0
FNT,2015,8	454,4055.0
FNT,2015,9	379,-1035.0
FSD,2015,1	591,8749.0
FSD,2015,11	432,3366.0
FSD,2015,12	353,2038.0
FSD,2015,2	500,9970.0
FSD,2015,3	522,4175.0
FSD,2015,4	505,1730.0
FSD,2015,5	426,1702.0
FSD,2015,6	497,6514.0
FSD,2015,7	481,3112.0
FSD,2015,8	448,4372.0
FSD,2015,9	425,1120.0
FSM,2015,1	193,2259.0
FSM,2015,11	165,897.0
FSM,2015,12	173,2200.0
FSM,2015,2	169,2176.0
FSM,2015,3	192,1915.0
FSM,2015,4	173,2499.0
FSM,2015,5	168,2285.0
FSM,2015,6	169,2514.0
FSM,2015,7	171,2133.0
FSM,2015,8	169,943.0
FSM,2015,9	169,-126.0
FWA,2015,1	280,4074.0
FWA,2015,11	482,2192.0
FWA,2015,12	437,2708.0
FWA,2015,2	337,6831.0
FWA,2015,3	499,2630.0
FWA,2015,4	516,1050.0
FWA,2015,5	536,1405.0
FWA,2015,6	482,4236.0
FWA,2015,7	508,2576.0
FWA,2015,8	515,1655.0
FWA,2015,9	499,-957.0
GCC,2015,1	116,216.0
GCC,2015,11	85,-99.0
GCC,2015,12	88,19.0
GCC,2015,2	83,60.0
GCC,2015,3	93,-580.0
GCC,2015,4	83,23.0
GCC,2015,5	88,-329.0
GCC,2015,6	84,120.0
GCC,2015,7	88,-447.0
GCC,2015,8	88,-650.0
GCC,2015,9	86,-1013.0
GCK,2015,1	60,545.0
GCK,2015,11	57,185.0
GCK,2015,12	58,-333.0
GCK,2015,2	46,724.0
GCK,2015,3	59,540.0
GCK,2015,4	58,370.0
GCK,2015,5	58,1151.0
GCK,2015,6	59,478.0
GCK,2015,7	60,-68.0
GCK,2015,8	61,-216.0
GCK,2015,9	59,-286.0
GEG,2015,1	813,4669.0
GEG,2015,11	821,978.0
GEG,2015,12	870,6911.0
GEG,2015,2	764,2189.0
GEG,2015,3	905,648.0
GEG,2015,4	841,1651.0
GEG,2015,5	846,-269.0
GEG,2015,6	896,6330.0
GEG,2015,7	928,6893.0
GEG,2015,8	939,4241.0
GEG,2015,9	828,-1728.0
GFK,2015,1	50,939.0
GFK,2015,11	116,722.0
GFK,2015,12	109,-117.0
GFK,2015,2	48,248.0
GFK,2015,3	3,-7.0
GFK,2015,4	56,-65.0
GFK,2015,5	51,-23.0
GFK,2015,6	81,170.0
GFK,2015,7	33,-139.0
GFK,2015,8	76,-182.0
GFK,2015,9	90,163.0
GGG,2015,1	52,420.0
GGG,2015,11	55,-208.0
GGG,2015,12	60,382.0
GGG,2015,2	45,231.0
GGG,2015,3	57,876.0
GGG,2015,4	55,261.0
GGG,2015,5	58,383.0
GGG,2015,6	59,394.0
GGG,2015,7	61,-157.0
GGG,2015,8	59,102.0
GGG,2015,9	55,-197.0
GJT,2015,1	273,1900.0
GJT,2015,11	264,-1049.0
GJT,2015,12	289,979.0
GJT,2015,2	222,1601.0
GJT,2015,3	289,156.0
GJT,2015,4	274,1192.0
GJT,2015,5	308,1852.0
GJT,2015,6	341,1361.0
GJT,2015,7	287,-310.0
GJT,2015,8	294,227.0
GJT,2015,9	299,-1108.0
GNV,2015,1	223,856.0
GNV,2015,11	219,189.0
GNV,2015,12	249,1171.0
GNV,2015,2	204,1553.0
GNV,2015,3	266,2827.0
GNV,2015,4	253,1975.0
GNV,2015,5	252,1423.0
GNV,2015,6	237,3596.0
GNV,2015,7	242,2848.0
GNV,2015,8	251,4076.0
GNV,2015,9	247,1309.0
GPT,2015,1	334,1971.0
GPT,2015,11	274,204.0
GPT,2015,12	257,615.0
GPT,2015,2	301,1993.0
GPT,2015,3	364,1635.0
GPT,2015,4	355,754.0
GPT,2015,5	348,2375.0
GPT,2015,6	340,4070.0
GPT,2015,7	332,1289.0
GPT,2015,8	324,1833.0
GPT,2015,9	299,318.0
GRB,2015,1	346,4404.0
GRB,2015,11	429,566.0
GRB,2015,12	354,1073.0
GRB,2015,2	343,6738.0
GRB,2015,3	523,1932.0
GRB,2015,4	425,-290.0
GRB,2015,5	330,-592.0
GRB,2015,6	479,3291.0
GRB,2015,7	534,1377.0
GRB,2015,8	509,1280.0
GRB,2015,9	460,312.0
GRI,2015,1	57,382.0
GRI,2015,11	55,13.0
GRI,2015,12	59,-655.0
GRI,2015,2	49,1094.0
GRI,2015,3	56,247.0
GRI,2015,4	55,448.0
GRI,2015,5	56,-76.0
GRI,2015,6	54,11.0
GRI,2015,7	58,-108.0
GRI,2015,8	57,-257.0
GRI,2015,9	55,-421.0
GRK,2015,1	374,4024.0
GRK,2015,11	330,417.0
GRK,2015,12	324,773.0
GRK,2015,2	327,4059.0
GRK,2015,3	365,3742.0
GRK,2015,4	354,1245.0
GRK,2015,5	349,3510.0
GRK,2015,6	366,3111.0
GRK,2015,7	375,1526.0
GRK,2015,8	368,1160.0
GRK,2015,9	343,-1488.0
GRR,2015,1	1012,11693.0
GRR,2015,11	884,1268.0
GRR,2015,12	817,3665.0
GRR,2015,2	869,12232.0
GRR,2015,3	1047,8020.0
GRR,2015,4	1025,3253.0
GRR,2015,5	1081,4170.0
GRR,2015,6	945,8068.0
GRR,2015,7	955,4392.0
GRR,2015,8	991,4789.0
GRR,2015,9	946,1212.0
GSO,2015,1	636,5646.0
GSO,2015,11	509,698.0
GSO,2015,12	443,3633.0
GSO,2015,2	573,8904.0
GSO,2015,3	709,6592.0
GSO,2015,4	676,3415.0
GSO,2015,5	660,3161.0
GSO,2015,6	556,4621.0
GSO,2015,7	529,4652.0
GSO,2015,8	553,4038.0
GSO,2015,9	638,275.0
GSP,2015,1	536,5253.0
GSP,2015,11	612,925.0
GSP,2015,12	607,2235.0
GSP,2015,2	449,3189.0
GSP,2015,3	604,2914.0
GSP,2015,4	621,2138.0
GSP,2015,5	651,3103.0
GSP,2015,6	591,7610.0
GSP,2015,7	587,2807.0
GSP,2015,8	572,3429.0
GSP,2015,9	565,616.0
GST,2015,6	24,241.0
GST,2015,7	29,401.0
GST,2015,8	21,160.0
GTF,2015,1	143,1261.0
GTF,2015,11	160,65.0
GTF,2015,12	161,305.0
GTF,2015,2	129,346.0
GTF,2015,3	144,-16.0
GTF,2015,4	162,-107.0
GTF,2015,5	197,-1067.0
GTF,2015,6	205,782.0
GTF,2015,7	230,-464.0
GTF,2015,8	227,211.0
GTF,2015,9	190,-955.0
GTR,2015,1	83,260.0
GTR,2015,11	83,188.0
GTR,2015,12	75,184.0
GTR,2015,2	70,494.0
GTR,2015,3	87,214.0
GTR,2015,4	84,284.0
GTR,2015,5	86,-94.0
GTR,2015,6	85,668.0
GTR,2015,7	87,924.0
GTR,2015,8	87,1011.0
GTR,2015,9	85,-20.0
GUC,2015,1	72,945.0
GUC,2015,11	2,167.0
GUC,2015,12	47,670.0
GUC,2015,2	77,628.0
GUC,2015,3	107,-178.0
GUC,2015,4	25,-63.0
GUC,2015,5	6,-20.0
GUC,2015,6	18,706.0
GUC,2015,7	50,1446.0
GUC,2015,8	43,503.0
GUC,2015,9	23,175.0
GUM,2015,1	31,516.0
GUM,2015,11	30,1981.0
GUM,2015,12	31,476.0
GUM,2015,2	28,370.0
GUM,2015,3	30,771.0
GUM,2015,4	30,392.0
GUM,2015,5	30,145.0
GUM,2015,6	30,242.0
GUM,2015,7	31,674.0
GUM,2015,8	30,428.0
GUM,2015,9	30,-262.0
HDN,2015,1	151,949.0
HDN,2015,12	120,2258.0
HDN,2015,2	148,618.0
HDN,2015,3	170,27.0
HDN,2015,4	21,-114.0
HDN,2015,6	6,245.0
HDN,2015,7	31,-106.0
HDN,2015,8	31,63.0
HDN,2015,9	8,-28.0
HIB,2015,1	75,151.0
HIB,2015,11	77,265.0
HIB,2015,12	84,-434.0
HIB,2015,2	76,869.0
HIB,2015,3	84,-200.0
HIB,2015,4	80,-186.0
HIB,2015,5	81,-331.0
HIB,2015,6	75,468.0
HIB,2015,7	81,-367.0
HIB,2015,8	81,-163.0
HIB,2015,9	82,-88.0
HLN,2015,1	108,-209.0
HLN,2015,11	139,188.0
HLN,2015,12	112,-20.0
HLN,2015,2	104,100.0
HLN,2015,3	115,-629.0
HLN,2015,4	135,-488.0
HLN,2015,5	143,-463.0
HLN,2015,6	138,715.0
HLN,2015,7	146,263.0
HLN,2015,8	145,-652.0
HLN,2015,9	136,-443.0
HNL,2015,1	3870,25373.0
HNL,2015,11	3724,-8357.0
HNL,2015,12	3979,-6231.0
HNL,2015,2	3453,37564.0
HNL,2015,3	3927,30858.0
HNL,2015,4	3795,8281.0
HNL,2015,5	3987,18133.0
HNL,2015,6	4116,28382.0
HNL,2015,7	4284,16687.0
HNL,2015,8	4157,42684.0
HNL,2015,9	3633,13131.0
HOB,2015,1	44,150.0
HOB,2015,11	48,-64.0
HOB,2015,12	44,-223.0
HOB,2015,2	44,301.0
HOB,2015,3	52,133.0
HOB,2015,4	51,213.0
HOB,2015,5	53,399.0
HOB,2015,6	53,831.0
HOB,2015,7	56,-244.0
HOB,2015,8	49,529.0
HOB,2015,9	45,-381.0
HOU,2015,1	4560,8852.0
HOU,2015,11	4636,-6332.0
HOU,2015,12	4722,25816.0
HOU,2015,2	4060,6800.0
HOU,2015,3	4702,17745.0
HOU,2015,4	4608,28390.0
HOU,2015,5	4580,46745.0
HOU,2015,6	4776,41674.0
HOU,2015,7	5034,34120.0
HOU,2015,8	4774,22356.0
HOU,2015,9	4562,-18192.0
HPN,2015,1	654,6966.0
HPN,2015,11	649,4296.0
HPN,2015,12	570,7574.0
HPN,2015,2	615,13445.0
HPN,2015,3	643,5937.0
HPN,2015,4	659,851.0
HPN,2015,5	680,2319.0
HPN,2015,6	647,5993.0
HPN,2015,7	689,5510.0
HPN,2015,8	688,5349.0
HPN,2015,9	642,5871.0
HRL,2015,1	280,511.0
HRL,2015,11	276,1175.0
HRL,2015,12	267,903.0
HRL,2015,2	258,-95.0
HRL,2015,3	287,1137.0
HRL,2015,4	278,2019.0
HRL,2015,5	277,4159.0
HRL,2015,6	269,2149.0
HRL,2015,7	289,1121.0
HRL,2015,8	278,1304.0
HRL,2015,9	266,-930.0
HSV,2015,1	413,3119.0
HSV,2015,11	354,1377.0
HSV,2015,12	379,1428.0
HSV,2015,2	349,2008.0
HSV,2015,3	430,1847.0
HSV,2015,4	424,495.0
HSV,2015,5	429,3461.0
HSV,2015,6	433,5421.0
HSV,2015,7	421,1224.0
HSV,2015,8	435,1282.0
HSV,2015,9	375,-1204.0
HYA,2015,6	12,-68.0
HYA,2015,7	30,146.0
HYA,2015,8	31,244.0
HYA,2015,9	8,-34.0
HYS,2015,1	51,244.0
HYS,2015,11	50,288.0
HYS,2015,12	50,97.0
HYS,2015,2	47,351.0
HYS,2015,3	53,-372.0
HYS,2015,4	52,-750.0
HYS,2015,5	52,-529.0
HYS,2015,6	52,-385.0
HYS,2015,7	52,-160.0
HYS,2015,8	51,-310.0
HYS,2015,9	51,-320.0
IAD,2015,1	3605,34685.0
IAD,2015,11	2671,-9272.0
IAD,2015,12	2768,6028.0
IAD,2015,2	2851,22220.0
IAD,2015,3	2949,11783.0
IAD,2015,4	2932,-2706.0
IAD,2015,5	3222,9832.0
IAD,2015,6	3296,38830.0
IAD,2015,7	3295,14457.0
IAD,2015,8	3196,10238.0
IAD,2015,9	2917,-3824.0
IAG,2015,1	30,385.0
IAG,2015,11	28,-31.0
IAG,2015,12	30,148.0
IAG,2015,2	29,282.0
IAG,2015,3	38,558.0
IAG,2015,4	31,248.0
IAG,2015,5	27,-86.0
IAG,2015,6	24,736.0
IAG,2015,7	27,244.0
IAG,2015,8	27,538.0
IAG,2015,9	22,53.0
IAH,2015,1	13146,70873.0
IAH,2015,11	12553,28871.0
IAH,2015,12	12211,68791.0
IAH,2015,2	11951,48589.0
IAH,2015,3	13774,69359.0
IAH,2015,4	13187,99933.0
IAH,2015,5	13906,191108.0
IAH,2015,6	13726,179642.0
IAH,2015,7	13849,53097.0
IAH,2015,8	13179,43791.0
IAH,2015,9	12105,-42609.0
ICT,2015,1	639,7458.0
ICT,2015,11	698,2771.0
ICT,2015,12	708,2376.0
ICT,2015,2	604,7875.0
ICT,2015,3	739,2584.0
ICT,2015,4	735,3293.0
ICT,2015,5	749,5243.0
ICT,2015,6	811,9741.0
ICT,2015,7	766,5084.0
ICT,2015,8	771,5560.0
ICT,2015,9	685,310.0
IDA,2015,1	183,2812.0
IDA,2015,11	190,-427.0
IDA,2015,12	205,688.0
IDA,2015,2	159,799.0
IDA,2015,3	172,-612.0
IDA,2015,4	182,660.0
IDA,2015,5	193,-153.0
IDA,2015,6	229,312.0
IDA,2015,7	263,-285.0
IDA,2015,8	252,188.0
IDA,2015,9	201,-1027.0
ILG,2015,1	26,327.0
ILG,2015,2	18,474.0
ILG,2015,3	26,708.0
ILG,2015,4	25,580.0
ILM,2015,1	149,295.0
ILM,2015,11	207,733.0
ILM,2015,12	182,1367.0
ILM,2015,2	124,-183.0
ILM,2015,3	148,1266.0
ILM,2015,4	135,234.0
ILM,2015,5	132,503.0
ILM,2015,6	184,1639.0
ILM,2015,7	193,1124.0
ILM,2015,8	186,799.0
ILM,2015,9	192,664.0
IMT,2015,1	54,275.0
IMT,2015,11	53,-305.0
IMT,2015,12	57,-553.0
IMT,2015,2	51,-385.0
IMT,2015,3	57,-621.0
IMT,2015,4	56,-679.0
IMT,2015,5	56,-755.0
IMT,2015,6	56,-63.0
IMT,2015,7	57,-341.0
IMT,2015,8	57,-442.0
IMT,2015,9	56,-768.0
IND,2015,1	2034,14891.0
IND,2015,11	2430,889.0
IND,2015,12	2453,10275.0
IND,2015,2	1803,16368.0
IND,2015,3	2359,13618.0
IND,2015,4	2333,7403.0
IND,2015,5	2328,11175.0
IND,2015,6	2364,23256.0
IND,2015,7	2505,19990.0
IND,2015,8	2343,11322.0
IND,2015,9	2155,-5656.0
INL,2015,1	52,-350.0
INL,2015,11	49,-376.0
INL,2015,12	54,-207.0
INL,2015,2	48,-66.0
INL,2015,3	53,-381.0
INL,2015,4	51,-585.0
INL,2015,5	51,-237.0
INL,2015,6	51,-270.0
INL,2015,7	52,3.0
INL,2015,8	54,-221.0
INL,2015,9	52,-377.0
ISN,2015,1	255,2466.0
ISN,2015,11	212,-205.0
ISN,2015,12	181,-664.0
ISN,2015,2	214,1865.0
ISN,2015,3	271,-880.0
ISN,2015,4	231,-215.0
ISN,2015,5	244,-1693.0
ISN,2015,6	238,1030.0
ISN,2015,7	246,674.0
ISN,2015,8	230,-51.0
ISN,2015,9	177,-270.0
ISP,2015,1	356,2531.0
ISP,2015,11	390,1929.0
ISP,2015,12	396,3441.0
ISP,2015,2	312,3208.0
ISP,2015,3	413,3876.0
ISP,2015,4	418,1825.0
ISP,2015,5	450,2034.0
ISP,2015,6	388,4528.0
ISP,2015,7	405,7116.0
ISP,2015,8	373,5644.0
ISP,2015,9	349,2896.0
ITH,2015,12	21,117.0
ITH,2015,2	4,41.0
ITH,2015,4	6,-27.0
ITO,2015,1	504,2103.0
ITO,2015,11	479,-430.0
ITO,2015,12	505,-590.0
ITO,2015,2	460,1525.0
ITO,2015,3	536,318.0
ITO,2015,4	531,-470.0
ITO,2015,5	544,-119.0
ITO,2015,6	542,-10.0
ITO,2015,7	564,692.0
ITO,2015,8	555,3576.0
ITO,2015,9	493,1490.0
JAC,2015,1	341,5755.0
JAC,2015,11	127,290.0
JAC,2015,12	349,6390.0
JAC,2015,2	307,3277.0
JAC,2015,3	366,-433.0
JAC,2015,4	157,-49.0
JAC,2015,5	177,321.0
JAC,2015,6	336,4383.0
JAC,2015,7	475,3789.0
JAC,2015,8	480,1856.0
JAC,2015,9	325,-694.0
JAN,2015,1	625,4781.0
JAN,2015,11	622,2298.0
JAN,2015,12	597,3372.0
JAN,2015,2	517,5498.0
JAN,2015,3	618,4331.0
JAN,2015,4	615,4470.0
JAN,2015,5	644,6629.0
JAN,2015,6	674,5716.0
JAN,2015,7	693,1519.0
JAN,2015,8	687,1636.0
JAN,2015,9	622,-629.0
JAX,2015,1	1473,7576.0
JAX,2015,11	1640,2842.0
JAX,2015,12	1714,13522.0
JAX,2015,2	1275,11477.0
JAX,2015,3	1678,8530.0
JAX,2015,4	1712,6991.0
JAX,2015,5	1719,3564.0
JAX,2015,6	1660,16357.0
JAX,2015,7	1729,13748.0
JAX,2015,8	1650,14098.0
JAX,2015,9	1543,5106.0
JFK,2015,1	7982,77629.0
JFK,2015,11	7684,2566.0
JFK,2015,12	8176,84797.0
JFK,2015,2	7201,113618.0
JFK,2015,3	8378,131095.0
JFK,2015,4	8476,78298.0
JFK,2015,5	8773,19006.0
JFK,2015,6	8715,52082.0
JFK,2015,7	9115,26814.0
JFK,2015,8	9094,13002.0
JFK,2015,9	7993,14676.0
JLN,2015,1	59,534.0
JLN,2015,11	58,481.0
JLN,2015,12	61,507.0
JLN,2015,2	48,717.0
JLN,2015,3	59,1026.0
JLN,2015,4	58,620.0
JLN,2015,5	59,658.0
JLN,2015,6	59,566.0
JLN,2015,7	60,834.0
JLN,2015,8	60,189.0
JLN,2015,9	59,64.0
JMS,2015,1	62,1937.0
JMS,2015,11	67,236.0
JMS,2015,12	66,-292.0
JMS,2015,2	62,858.0
JMS,2015,3	72,450.0
JMS,2015,4	72,138.0
JMS,2015,5	71,-393.0
JMS,2015,6	73,307.0
JMS,2015,7	75,-253.0
JMS,2015,8	67,202.0
JMS,2015,9	68,-471.0
JNU,2015,1	296,-790.0
JNU,2015,11	309,1696.0
JNU,2015,12	316,-796.0
JNU,2015,2	267,156.0
JNU,2015,3	303,1356.0
JNU,2015,4	298,978.0
JNU,2015,5	374,-594.0
JNU,2015,6	477,2026.0
JNU,2015,7	519,3184.0
JNU,2015,8	511,2075.0
JNU,2015,9	368,591.0
KOA,2015,1	989,2760.0
KOA,2015,11	918,-5744.0
KOA,2015,12	986,-3811.0
KOA,2015,2	898,3300.0
KOA,2015,3	1036,3038.0
KOA,2015,4	946,-2523.0
KOA,2015,5	977,1013.0
KOA,2015,6	1122,-251.0
KOA,2015,7	1172,-971.0
KOA,2015,8	1130,5977.0
KOA,2015,9	904,-23.0
KTN,2015,1	178,633.0
KTN,2015,11	177,263.0
KTN,2015,12	183,-219.0
KTN,2015,2	165,355.0
KTN,2015,3	186,1765.0
KTN,2015,4	175,946.0
KTN,2015,5	215,263.0
KTN,2015,6	262,1472.0
KTN,2015,7	280,2213.0
KTN,2015,8	265,1563.0
KTN,2015,9	206,755.0
LAN,2015,1	185,2206.0
LAN,2015,11	199,1154.0
LAN,2015,12	200,184.0
LAN,2015,2	171,3471.0
LAN,2015,3	130,-189.0
LAN,2015,4	188,-340.0
LAN,2015,5	104,-136.0
LAN,2015,6	150,1196.0
LAN,2015,7	167,1008.0
LAN,2015,8	144,263.0
LAN,2015,9	150,-96.0
LAR,2015,1	60,475.0
LAR,2015,11	48,130.0
LAR,2015,12	50,238.0
LAR,2015,2	45,403.0
LAR,2015,3	52,-337.0
LAR,2015,4	48,-37.0
LAR,2015,5	47,-367.0
LAR,2015,6	48,-299.0
LAR,2015,7	53,-221.0
LAR,2015,8	51,-468.0
LAR,2015,9	52,-601.0
LAS,2015,1	11509,13841.0
LAS,2015,11	11846,20612.0
LAS,2015,12	11985,65337.0
LAS,2015,2	10396,51856.0
LAS,2015,3	12281,24575.0
LAS,2015,4	12065,38804.0
LAS,2015,5	12664,52234.0
LAS,2015,6	12224,96602.0
LAS,2015,7	12601,95177.0
LAS,2015,8	12562,53288.0
LAS,2015,9	11991,-35286.0
LAW,2015,1	114,1411.0
LAW,2015,11	103,-252.0
LAW,2015,12	115,-585.0
LAW,2015,2	95,1373.0
LAW,2015,3	111,1691.0
LAW,2015,4	113,1450.0
LAW,2015,5	110,1122.0
LAW,2015,6	114,1461.0
LAW,2015,7	122,551.0
LAW,2015,8	121,386.0
LAW,2015,9	120,-229.0
LAX,2015,1	17051,29662.0
LAX,2015,11	16336,42380.0
LAX,2015,12	16784,151687.0
LAX,2015,2	15375,94306.0
LAX,2015,3	17773,102252.0
LAX,2015,4	17286,63544.0
LAX,2015,5	17857,84873.0
LAX,2015,6	18249,177632.0
LAX,2015,7	19031,258724.0
LAX,2015,8	19008,144922.0
LAX,2015,9	17386,23886.0
LBB,2015,1	445,4425.0
LBB,2015,11	410,3324.0
LBB,2015,12	387,2335.0
LBB,2015,2	400,3303.0
LBB,2015,3	389,2788.0
LBB,2015,4	428,2773.0
LBB,2015,5	391,7328.0
LBB,2015,6	386,4679.0
LBB,2015,7	418,3272.0
LBB,2015,8	411,2187.0
LBB,2015,9	389,-708.0
LBE,2015,1	93,1211.0
LBE,2015,11	94,-29.0
LBE,2015,12	86,657.0
LBE,2015,2	87,1904.0
LBE,2015,3	106,662.0
LBE,2015,4	109,569.0
LBE,2015,5	136,1171.0
LBE,2015,6	134,3442.0
LBE,2015,7	142,1479.0
LBE,2015,8	142,2988.0
LBE,2015,9	118,-210.0
LCH,2015,1	146,898.0
LCH,2015,11	178,-934.0
LCH,2015,12	169,-184.0
LCH,2015,2	159,686.0
LCH,2015,3	176,1169.0
LCH,2015,4	161,755.0
LCH,2015,5	157,1213.0
LCH,2015,6	172,1354.0
LCH,2015,7	155,226.0
LCH,2015,8	170,56.0
LCH,2015,9	162,-570.0
LEX,2015,1	493,6136.0
LEX,2015,11	478,1011.0
LEX,2015,12	450,1048.0
LEX,2015,2	389,4410.0
LEX,2015,3	511,1208.0
LEX,2015,4	589,-371.0
LEX,2015,5	562,-668.0
LEX,2015,6	594,4736.0
LEX,2015,7	602,3411.0
LEX,2015,8	583,2241.0
LEX,2015,9	545,482.0
LFT,2015,1	488,4061.0
LFT,2015,11	386,318.0
LFT,2015,12	391,927.0
LFT,2015,2	424,2247.0
LFT,2015,3	498,4284.0
LFT,2015,4	494,3318.0
LFT,2015,5	501,4389.0
LFT,2015,6	489,5244.0
LFT,2015,7	471,1279.0
LFT,2015,8	453,2130.0
LFT,2015,9	424,10.0
LGA,2015,1	8614,112070.0
LGA,2015,11	7793,26637.0
LGA,2015,12	7622,58255.0
LGA,2015,2	7831,162681.0
LGA,2015,3	9305,150675.0
LGA,2015,4	9244,44701.0
LGA,2015,5	9050,81516.0
LGA,2015,6	8692,143377.0
LGA,2015,7	9072,126528.0
LGA,2015,8	9025,57988.0
LGA,2015,9	8279,18316.0
LGB,2015,1	757,-797.0
LGB,2015,11	729,3960.0
LGB,2015,12	752,9204.0
LGB,2015,2	667,3658.0
LGB,2015,3	751,-411.0
LGB,2015,4	751,-1037.0
LGB,2015,5	830,1372.0
LGB,2015,6	856,2004.0
LGB,2015,7	910,4052.0
LGB,2015,8	908,6436.0
LGB,2015,9	782,1579.0
LIH,2015,1	954,1503.0
LIH,2015,11	912,-4153.0
LIH,2015,12	996,-2488.0
LIH,2015,2	836,2024.0
LIH,2015,3	940,3753.0
LIH,2015,4	903,-1538.0
LIH,2015,5	943,491.0
LIH,2015,6	1038,154.0
LIH,2015,7	1080,-909.0
LIH,2015,8	1056,4464.0
LIH,2015,9	848,604.0
LIT,2015,1	883,11367.0
LIT,2015,11	873,3452.0
LIT,2015,12	866,5302.0
LIT,2015,2	760,7910.0
LIT,2015,3	944,8354.0
LIT,2015,4	882,2508.0
LIT,2015,5	920,6417.0
LIT,2015,6	1032,15117.0
LIT,2015,7	1046,5513.0
LIT,2015,8	1019,4212.0
LIT,2015,9	955,-99.0
LNK,2015,1	194,2136.0
LNK,2015,11	246,2858.0
LNK,2015,12	212,2416.0
LNK,2015,2	181,2415.0
LNK,2015,3	230,1142.0
LNK,2015,4	284,585.0
LNK,2015,5	262,1105.0
LNK,2015,6	196,1534.0
LNK,2015,7	229,2542.0
LNK,2015,8	232,1945.0
LNK,2015,9	303,1469.0
LRD,2015,1	203,1236.0
LRD,2015,11	193,55.0
LRD,2015,12	184,516.0
LRD,2015,2	169,721.0
LRD,2015,3	196,2590.0
LRD,2015,4	198,951.0
LRD,2015,5	191,1118.0
LRD,2015,6	196,1214.0
LRD,2015,7	206,-334.0
LRD,2015,8	202,-447.0
LRD,2015,9	196,-960.0
LSE,2015,1	106,2612.0
LSE,2015,11	158,-57.0
LSE,2015,12	180,-461.0
LSE,2015,2	98,2856.0
LSE,2015,3	184,112.0
LSE,2015,4	127,-762.0
LSE,2015,5	112,-528.0
LSE,2015,6	153,719.0
LSE,2015,7	160,-581.0
LSE,2015,8	162,-384.0
LSE,2015,9	144,-616.0
LWS,2015,1	53,-517.0
LWS,2015,11	55,-645.0
LWS,2015,12	57,281.0
LWS,2015,2	48,-491.0
LWS,2015,3	49,-254.0
LWS,2015,4	47,-541.0
LWS,2015,5	48,-205.0
LWS,2015,6	56,-96.0
LWS,2015,7	62,-397.0
LWS,2015,8	60,-371.0
LWS,2015,9	51,-599.0
MAF,2015,1	772,7845.0
MAF,2015,11	508,3492.0
MAF,2015,12	516,2707.0
MAF,2015,2	700,5562.0
MAF,2015,3	850,6028.0
MAF,2015,4	733,4103.0
MAF,2015,5	680,11118.0
MAF,2015,6	626,8193.0
MAF,2015,7	650,5420.0
MAF,2015,8	636,3705.0
MAF,2015,9	614,-1824.0
MBS,2015,1	161,1991.0
MBS,2015,11	139,455.0
MBS,2015,12	144,1709.0
MBS,2015,2	139,1974.0
MBS,2015,3	161,25.0
MBS,2015,4	197,1346.0
MBS,2015,5	181,-209.0
MBS,2015,6	152,475.0
MBS,2015,7	144,1132.0
MBS,2015,8	135,618.0
MBS,2015,9	112,497.0
MCI,2015,1	3191,18854.0
MCI,2015,11	3488,1193.0
MCI,2015,12	3344,15839.0
MCI,2015,2	2760,16329.0
MCI,2015,3	3485,10288.0
MCI,2015,4	3596,13142.0
MCI,2015,5	3735,24903.0
MCI,2015,6	3776,47187.0
MCI,2015,7	3772,34078.0
MCI,2015,8	3629,21005.0
MCI,2015,9	3365,-5918.0
MCO,2015,1	9877,47871.0
MCO,2015,11	9840,-17367.0
MCO,2015,12	10728,66177.0
MCO,2015,2	8945,76626.0
MCO,2015,3	11132,71037.0
MCO,2015,4	10412,28108.0
MCO,2015,5	10320,22173.0
MCO,2015,6	10042,98070.0
MCO,2015,7	10385,81258.0
MCO,2015,8	9516,93185.0
MCO,2015,9	8349,24875.0
MDT,2015,1	289,1736.0
MDT,2015,11	323,1.0
MDT,2015,12	259,755.0
MDT,2015,2	278,5057.0
MDT,2015,3	377,891.0
MDT,2015,4	298,-170.0
MDT,2015,5	318,849.0
MDT,2015,6	285,3815.0
MDT,2015,7	276,1553.0
MDT,2015,8	290,775.0
MDT,2015,9	235,47.0
MDW,2015,1	6473,22415.0
MDW,2015,11	6730,-16185.0
MDW,2015,12	6716,20945.0
MDW,2015,2	5583,20660.0
MDW,2015,3	7106,26758.0
MDW,2015,4	7336,11069.0
MDW,2015,5	7471,27052.0
MDW,2015,6	7690,73407.0
MDW,2015,7	8246,58599.0
MDW,2015,8	7833,16852.0
MDW,2015,9	7294,-26697.0
MEI,2015,1	84,914.0
MEI,2015,11	79,440.0
MEI,2015,12	84,739.0
MEI,2015,2	72,954.0
MEI,2015,3	80,1125.0
MEI,2015,4	82,676.0
MEI,2015,5	80,2292.0
MEI,2015,6	82,1651.0
MEI,2015,7	85,12.0
MEI,2015,8	83,100.0
MEI,2015,9	82,-331.0
MEM,2015,1	1215,8055.0
MEM,2015,11	1434,1313.0
MEM,2015,12	1201,4251.0
MEM,2015,2	1028,8463.0
MEM,2015,3	1294,9484.0
MEM,2015,4	1530,8721.0
MEM,2015,5	1472,6741.0
MEM,2015,6	1295,14503.0
MEM,2015,7	1345,11906.0
MEM,2015,8	1312,5370.0
MEM,2015,9	1331,-2758.0
MFE,2015,1	370,2272.0
MFE,2015,11	195,1672.0
MFE,2015,12	185,233.0
MFE,2015,2	326,1083.0
MFE,2015,3	350,3652.0
MFE,2015,4	400,2978.0
MFE,2015,5	391,6314.0
MFE,2015,6	329,3538.0
MFE,2015,7	252,2208.0
MFE,2015,8	253,-94.0
MFE,2015,9	238,-1206.0
MFR,2015,1	212,1953.0
MFR,2015,11	228,261.0
MFR,2015,12	233,3672.0
MFR,2015,2	182,1591.0
MFR,2015,3	213,-337.0
MFR,2015,4	203,719.0
MFR,2015,5	224,1535.0
MFR,2015,6	209,949.0
MFR,2015,7	242,139.0
MFR,2015,8	246,1005.0
MFR,2015,9	236,16.0
MGM,2015,1	280,2544.0
MGM,2015,11	289,990.0
MGM,2015,12	286,3049.0
MGM,2015,2	243,2643.0
MGM,2015,3	293,3442.0
MGM,2015,4	282,1835.0
MGM,2015,5	284,2587.0
MGM,2015,6	283,3711.0
MGM,2015,7	291,2820.0
MGM,2015,8	289,2065.0
MGM,2015,9	301,298.0
MHK,2015,1	141,2745.0
MHK,2015,11	139,200.0
MHK,2015,12	149,-279.0
MHK,2015,2	117,3390.0
MHK,2015,3	148,1638.0
MHK,2015,4	140,-400.0
MHK,2015,5	141,421.0
MHK,2015,6	144,727.0
MHK,2015,7	150,110.0
MHK,2015,8	153,-602.0
MHK,2015,9	147,-455.0
MHT,2015,1	438,3944.0
MHT,2015,11	558,899.0
MHT,2015,12	537,1847.0
MHT,2015,2	366,3382.0
MHT,2015,3	604,5769.0
MHT,2015,4	638,1438.0
MHT,2015,5	612,1382.0
MHT,2015,6	583,6563.0
MHT,2015,7	588,8902.0
MHT,2015,8	607,7129.0
MHT,2015,9	604,2733.0
MIA,2015,1	6538,41657.0
MIA,2015,11	5873,-7908.0
MIA,2015,12	6558,54795.0
MIA,2015,2	5789,48024.0
MIA,2015,3	6637,41617.0
MIA,2015,4	6422,16989.0
MIA,2015,5	6306,35202.0
MIA,2015,6	6092,55941.0
MIA,2015,7	6294,48335.0
MIA,2015,8	6225,43155.0
MIA,2015,9	5575,25561.0
MKE,2015,1	2495,16715.0
MKE,2015,11	2671,491.0
MKE,2015,12	2538,11244.0
MKE,2015,2	2215,21080.0
MKE,2015,3	2906,8504.0
MKE,2015,4	2791,4387.0
MKE,2015,5	2759,2927.0
MKE,2015,6	2735,25868.0
MKE,2015,7	2869,14385.0
MKE,2015,8	2716,11068.0
MKE,2015,9	2532,-7956.0
MKG,2015,1	53,672.0
MKG,2015,11	57,521.0
MKG,2015,12	56,597.0
MKG,2015,2	46,1072.0
MKG,2015,3	59,39.0
MKG,2015,4	55,-93.0
MKG,2015,5	59,-262.0
MKG,2015,6	55,836.0
MKG,2015,7	59,416.0
MKG,2015,8	59,324.0
MKG,2015,9	59,-40.0
MLB,2015,1	118,-306.0
MLB,2015,11	111,-501.0
MLB,2015,12	129,1490.0
MLB,2015,2	105,217.0
MLB,2015,3	124,95.0
MLB,2015,4	120,212.0
MLB,2015,5	114,49.0
MLB,2015,6	135,975.0
MLB,2015,7	131,431.0
MLB,2015,8	132,657.0
MLB,2015,9	108,343.0
MLI,2015,1	402,5505.0
MLI,2015,11	291,913.0
MLI,2015,12	263,729.0
MLI,2015,2	356,5396.0
MLI,2015,3	335,3182.0
MLI,2015,4	398,669.0
MLI,2015,5	306,430.0
MLI,2015,6	320,4687.0
MLI,2015,7	308,2054.0
MLI,2015,8	309,1744.0
MLI,2015,9	342,-593.0
MLU,2015,1	244,1588.0
MLU,2015,11	270,806.0
MLU,2015,12	252,953.0
MLU,2015,2	199,1733.0
MLU,2015,3	257,2856.0
MLU,2015,4	274,2278.0
MLU,2015,5	271,2889.0
MLU,2015,6	277,4814.0
MLU,2015,7	287,861.0
MLU,2015,8	285,1029.0
MLU,2015,9	268,-407.0
MMH,2015,1	35,220.0
MMH,2015,12	10,587.0
MMH,2015,2	36,156.0
MMH,2015,3	52,153.0
MMH,2015,4	7,127.0
MOB,2015,1	437,3503.0
MOB,2015,11	454,2630.0
MOB,2015,12	452,2426.0
MOB,2015,2	394,2552.0
MOB,2015,3	454,4577.0
MOB,2015,4	441,2413.0
MOB,2015,5	450,5372.0
MOB,2015,6	453,4680.0
MOB,2015,7	473,3219.0
MOB,2015,8	461,2315.0
MOB,2015,9	444,1930.0
MOT,2015,1	161,2299.0
MOT,2015,11	186,415.0
MOT,2015,12	155,-487.0
MOT,2015,2	124,1832.0
MOT,2015,3	135,619.0
MOT,2015,4	110,530.0
MOT,2015,5	145,118.0
MOT,2015,6	177,1005.0
MOT,2015,7	214,819.0
MOT,2015,8	203,339.0
MOT,2015,9	202,109.0
MQT,2015,1	26,1146.0
MQT,2015,11	24,-101.0
MQT,2015,12	42,122.0
MQT,2015,2	23,866.0
MQT,2015,3	27,95.0
MQT,2015,4	26,166.0
MQT,2015,5	26,242.0
MQT,2015,6	24,446.0
MQT,2015,7	27,399.0
MQT,2015,8	25,-47.0
MQT,2015,9	26,1447.0
MRY,2015,1	313,1426.0
MRY,2015,11	225,-76.0
MRY,2015,12	205,1523.0
MRY,2015,2	275,2515.0
MRY,2015,3	252,1035.0
MRY,2015,4	263,453.0
MRY,2015,5	251,1493.0
MRY,2015,6	238,1829.0
MRY,2015,7	291,1348.0
MRY,2015,8	271,2997.0
MRY,2015,9	234,658.0
MSN,2015,1	792,8082.0
MSN,2015,11	730,63.0
MSN,2015,12	716,107.0
MSN,2015,2	735,10955.0
MSN,2015,3	839,3614.0
MSN,2015,4	736,612.0
MSN,2015,5	840,-508.0
MSN,2015,6	873,8445.0
MSN,2015,7	900,4718.0
MSN,2015,8	865,2880.0
MSN,2015,9	841,-2634.0
MSO,2015,1	132,-265.0
MSO,2015,11	127,-342.0
MSO,2015,12	175,303.0
MSO,2015,2	112,-252.0
MSO,2015,3	150,-385.0
MSO,2015,4	144,-634.0
MSO,2015,5	178,-713.0
MSO,2015,6	231,854.0
MSO,2015,7	301,1157.0
MSO,2015,8	278,991.0
MSO,2015,9	229,-1884.0
MSP,2015,1	8783,29505.0
MSP,2015,11	9765,12867.0
MSP,2015,12	9700,29337.0
MSP,2015,2	8031,55329.0
MSP,2015,3	9829,31637.0
MSP,2015,4	9952,15410.0
MSP,2015,5	10417,26429.0
MSP,2015,6	11233,92229.0
MSP,2015,7	11730,47402.0
MSP,2015,8	11563,32644.0
MSP,2015,9	10143,2258.0
MSY,2015,1	3289,6897.0
MSY,2015,11	3529,-4346.0
MSY,2015,12	3452,19590.0
MSY,2015,2	3164,16386.0
MSY,2015,3	3864,14696.0
MSY,2015,4	3688,20222.0
MSY,2015,5	3651,22492.0
MSY,2015,6	3445,34243.0
MSY,2015,7	3552,19105.0
MSY,2015,8	3399,13405.0
MSY,2015,9	3285,-7968.0
MTJ,2015,1	166,1630.0
MTJ,2015,11	24,261.0
MTJ,2015,12	122,1929.0
MTJ,2015,2	160,3046.0
MTJ,2015,3	143,626.0
MTJ,2015,4	21,167.0
MTJ,2015,5	1,-3.0
MTJ,2015,6	85,554.0
MTJ,2015,7	118,112.0
MTJ,2015,8	96,-77.0
MTJ,2015,9	39,230.0
MVY,2015,5	16,49.0
MVY,2015,6	38,84.0
MVY,2015,7	62,-109.0
MVY,2015,8	62,354.0
MVY,2015,9	27,-12.0
MYR,2015,1	256,2164.0
MYR,2015,11	293,594.0
MYR,2015,12	234,2822.0
MYR,2015,2	275,3442.0
MYR,2015,3	435,4321.0
MYR,2015,4	479,2304.0
MYR,2015,5	568,3039.0
MYR,2015,6	553,8578.0
MYR,2015,7	581,1616.0
MYR,2015,8	569,6247.0
MYR,2015,9	484,1914.0
OAJ,2015,1	111,565.0
OAJ,2015,11	108,1005.0
OAJ,2015,12	94,1159.0
OAJ,2015,2	96,697.0
OAJ,2015,3	94,939.0
OAJ,2015,4	102,1130.0
OAJ,2015,5	105,1097.0
OAJ,2015,6	101,1249.0
OAJ,2015,7	104,1510.0
OAJ,2015,8	105,1206.0
OAJ,2015,9	100,671.0
OAK,2015,1	3587,4815.0
OAK,2015,11	3789,10168.0
OAK,2015,12	3929,37922.0
OAK,2015,2	3171,13892.0
OAK,2015,3	3657,5077.0
OAK,2015,4	3753,7176.0
OAK,2015,5	3862,16386.0
OAK,2015,6	3960,32119.0
OAK,2015,7	4116,42335.0
OAK,2015,8	4058,24521.0
OAK,2015,9	3804,1801.0
OGG,2015,1	1905,8472.0
OGG,2015,11	1787,-12072.0
OGG,2015,12	1978,-2973.0
OGG,2015,2	1710,7642.0
OGG,2015,3	1950,10792.0
OGG,2015,4	1822,493.0
OGG,2015,5	1816,9165.0
OGG,2015,6	1931,8358.0
OGG,2015,7	1984,4848.0
OGG,2015,8	1911,14988.0
OGG,2015,9	1727,3711.0
OKC,2015,1	1363,12590.0
OKC,2015,11	1502,5809.0
OKC,2015,12	1467,10581.0
OKC,2015,2	1192,11274.0
OKC,2015,3	1339,10749.0
OKC,2015,4	1398,8660.0
OKC,2015,5	1362,14241.0
OKC,2015,6	1489,21201.0
OKC,2015,7	1603,14730.0
OKC,2015,8	1566,7996.0
OKC,2015,9	1537,-3444.0
OMA,2015,1	1509,13472.0
OMA,2015,11	1461,2080.0
OMA,2015,12	1523,9491.0
OMA,2015,2	1322,12536.0
OMA,2015,3	1608,6653.0
OMA,2015,4	1582,2088.0
OMA,2015,5	1595,7166.0
OMA,2015,6	1457,17817.0
OMA,2015,7	1552,10814.0
OMA,2015,8	1472,4587.0
OMA,2015,9	1409,-2225.0
OME,2015,1	57,76.0
OME,2015,11	50,1099.0
OME,2015,12	54,-94.0
OME,2015,2	50,518.0
OME,2015,3	59,820.0
OME,2015,4	57,96.0
OME,2015,5	61,2.0
OME,2015,6	59,425.0
OME,2015,7	59,322.0
OME,2015,8	62,496.0
OME,2015,9	58,194.0
ONT,2015,1	1577,10084.0
ONT,2015,11	1617,5987.0
ONT,2015,12	1538,10752.0
ONT,2015,2	1384,9335.0
ONT,2015,3	1547,4838.0
ONT,2015,4	1666,9529.0
ONT,2015,5	1724,15329.0
ONT,2015,6	1680,19005.0
ONT,2015,7	1709,16995.0
ONT,2015,8	1719,10121.0
ONT,2015,9	1645,2201.0
ORD,2015,1	22277,326859.0
ORD,2015,11	25073,72821.0
ORD,2015,12	24582,42016.0
ORD,2015,2	20032,351999.0
ORD,2015,3	25335,179642.0
ORD,2015,4	25192,117788.0
ORD,2015,5	26526,103387.0
ORD,2015,6	26142,453162.0
ORD,2015,7	27579,211058.0
ORD,2015,8	27343,136677.0
ORD,2015,9	25783,2068.0
ORF,2015,1	830,5780.0
ORF,2015,11	814,2342.0
ORF,2015,12	845,7495.0
ORF,2015,2	696,7566.0
ORF,2015,3	841,4834.0
ORF,2015,4	859,1118.0
ORF,2015,5	815,3480.0
ORF,2015,6	844,8980.0
ORF,2015,7	835,7960.0
ORF,2015,8	871,4502.0
ORF,2015,9	866,1576.0
ORH,2015,1	54,274.0
ORH,2015,11	59,45.0
ORH,2015,12	59,584.0
ORH,2015,2	45,402.0
ORH,2015,3	60,-6.0
ORH,2015,4	60,-52.0
ORH,2015,5	62,-420.0
ORH,2015,6	59,-412.0
ORH,2015,7	61,-98.0
ORH,2015,8	59,278.0
ORH,2015,9	58,-284.0
OTH,2015,1	16,475.0
OTH,2015,11	18,408.0
OTH,2015,12	15,739.0
OTH,2015,2	14,439.0
OTH,2015,3	17,176.0
OTH,2015,4	17,295.0
OTH,2015,5	18,273.0
OTH,2015,6	32,-109.0
OTH,2015,7	39,555.0
OTH,2015,8	40,959.0
OTH,2015,9	40,243.0
OTZ,2015,1	61,213.0
OTZ,2015,11	53,168.0
OTZ,2015,12	57,-242.0
OTZ,2015,2	50,185.0
OTZ,2015,3	60,252.0
OTZ,2015,4	60,404.0
OTZ,2015,5	60,-229.0
OTZ,2015,6	60,195.0
OTZ,2015,7	56,400.0
OTZ,2015,8	62,341.0
OTZ,2015,9	59,104.0
PAH,2015,1	59,432.0
PAH,2015,11	53,59.0
PAH,2015,12	56,493.0
PAH,2015,2	48,775.0
PAH,2015,3	53,-309.0
PAH,2015,4	58,58.0
PAH,2015,5	62,140.0
PAH,2015,6	57,969.0
PAH,2015,7	59,235.0
PAH,2015,8	60,835.0
PAH,2015,9	59,117.0
PBG,2015,1	30,345.0
PBG,2015,11	24,145.0
PBG,2015,12	31,749.0
PBG,2015,2	28,464.0
PBG,2015,3	31,520.0
PBG,2015,4	26,551.0
PBG,2015,5	22,106.0
PBG,2015,6	21,518.0
PBG,2015,7	26,343.0
PBG,2015,8	26,334.0
PBG,2015,9	16,221.0
PBI,2015,1	2342,13301.0
PBI,2015,11	2014,-3547.0
PBI,2015,12	2417,33714.0
PBI,2015,2	2144,26512.0
PBI,2015,3	2602,24385.0
PBI,2015,4	2306,5537.0
PBI,2015,5	1931,377.0
PBI,2015,6	1607,15945.0
PBI,2015,7	1661,10877.0
PBI,2015,8	1634,17567.0
PBI,2015,9	1548,7815.0
PDX,2015,1	3604,8851.0
PDX,2015,11	4365,-11862.0
PDX,2015,12	4470,24027.0
PDX,2015,2	3164,13099.0
PDX,2015,3	3869,1304.0
PDX,2015,4	3857,-2207.0
PDX,2015,5	4135,-7236.0
PDX,2015,6	4684,32032.0
PDX,2015,7	5100,23051.0
PDX,2015,8	5089,10322.0
PDX,2015,9	4459,-13375.0
PHF,2015,1	139,528.0
PHF,2015,11	111,1118.0
PHF,2015,12	103,1213.0
PHF,2015,2	96,317.0
PHF,2015,3	144,1365.0
PHF,2015,4	104,546.0
PHF,2015,5	92,-122.0
PHF,2015,6	108,1317.0
PHF,2015,7	118,1557.0
PHF,2015,8	119,1019.0
PHF,2015,9	108,519.0
PHL,2015,1	5463,44893.0
PHL,2015,11	5924,-2483.0
PHL,2015,12	5863,45112.0
PHL,2015,2	4943,33037.0
PHL,2015,3	5710,42691.0
PHL,2015,4	5802,15460.0
PHL,2015,5	6100,25579.0
PHL,2015,6	6142,67379.0
PHL,2015,7	6412,30094.0
PHL,2015,8	6346,23182.0
PHL,2015,9	5976,7455.0
PHX,2015,1	12989,43448.0
PHX,2015,11	12444,18600.0
PHX,2015,12	13171,64902.0
PHX,2015,2	11690,49003.0
PHX,2015,3	14392,4222.0
PHX,2015,4	13652,35380.0
PHX,2015,5	13712,32234.0
PHX,2015,6	13710,83276.0
PHX,2015,7	14159,85478.0
PHX,2015,8	13512,41592.0
PHX,2015,9	11947,-34774.0
PIA,2015,1	346,4918.0
PIA,2015,11	431,965.0
PIA,2015,12	442,620.0
PIA,2015,2	295,4701.0
PIA,2015,3	433,2424.0
PIA,2015,4	402,-166.0
PIA,2015,5	444,549.0
PIA,2015,6	354,2200.0
PIA,2015,7	435,899.0
PIA,2015,8	449,-649.0
PIA,2015,9	470,-901.0
PIB,2015,1	52,25.0
PIB,2015,11	50,-144.0
PIB,2015,12	53,-460.0
PIB,2015,2	45,508.0
PIB,2015,3	50,599.0
PIB,2015,4	51,397.0
PIB,2015,5	51,1613.0
PIB,2015,6	52,1060.0
PIB,2015,7	54,-399.0
PIB,2015,8	51,-288.0
PIB,2015,9	52,-646.0
PIH,2015,1	60,182.0
PIH,2015,11	53,134.0
PIH,2015,12	55,479.0
PIH,2015,2	52,-112.0
PIH,2015,3	58,-89.0
PIH,2015,4	56,-191.0
PIH,2015,5	57,-59.0
PIH,2015,6	56,-200.0
PIH,2015,7	57,-222.0
PIH,2015,8	70,-60.0
PIH,2015,9	76,-245.0
PIT,2015,1	2034,14030.0
PIT,2015,11	2149,-616.0
PIT,2015,12	2073,9732.0
PIT,2015,2	1871,15501.0
PIT,2015,3	2282,9315.0
PIT,2015,4	2103,2582.0
PIT,2015,5	2310,8893.0
PIT,2015,6	2274,24756.0
PIT,2015,7	2339,16795.0
PIT,2015,8	2262,16447.0
PIT,2015,9	2067,-1980.0
PLN,2015,1	49,397.0
PLN,2015,11	59,244.0
PLN,2015,12	60,121.0
PLN,2015,2	46,1258.0
PLN,2015,3	52,620.0
PLN,2015,4	52,332.0
PLN,2015,5	60,137.0
PLN,2015,6	85,-12.0
PLN,2015,7	118,1091.0
PLN,2015,8	91,757.0
PLN,2015,9	59,257.0
PNS,2015,1	621,4023.0
PNS,2015,11	454,830.0
PNS,2015,12	479,2796.0
PNS,2015,2	544,3806.0
PNS,2015,3	598,4112.0
PNS,2015,4	617,2885.0
PNS,2015,5	505,3241.0
PNS,2015,6	684,5559.0
PNS,2015,7	744,3322.0
PNS,2015,8	682,4119.0
PNS,2015,9	484,164.0
PPG,2015,1	10,8.0
PPG,2015,11	9,200.0
PPG,2015,12	10,182.0
PPG,2015,2	8,-24.0
PPG,2015,3	9,625.0
PPG,2015,4	8,33.0
PPG,2015,5	9,6.0
PPG,2015,6	11,-62.0
PPG,2015,7	14,-117.0
PPG,2015,8	11,-34.0
PPG,2015,9	8,-25.0
PSC,2015,1	178,2352.0
PSC,2015,11	286,589.0
PSC,2015,12	286,1934.0
PSC,2015,2	158,1525.0
PSC,2015,3	207,-538.0
PSC,2015,4	202,422.0
PSC,2015,5	183,-304.0
PSC,2015,6	200,1478.0
PSC,2015,7	262,1691.0
PSC,2015,8	235,1054.0
PSC,2015,9	202,-157.0
PSE,2015,1	69,-64.0
PSE,2015,11	64,164.0
PSE,2015,12	83,1768.0
PSE,2015,2	54,351.0
PSE,2015,3	59,503.0
PSE,2015,4	60,509.0
PSE,2015,5	62,-51.0
PSE,2015,6	73,1167.0
PSE,2015,7	93,1305.0
PSE,2015,8	60,1316.0
PSE,2015,9	60,438.0
PSG,2015,1	61,849.0
PSG,2015,11	57,97.0
PSG,2015,12	58,-241.0
PSG,2015,2	53,-8.0
PSG,2015,3	62,1063.0
PSG,2015,4	58,266.0
PSG,2015,5	60,300.0
PSG,2015,6	60,923.0
PSG,2015,7	62,733.0
PSG,2015,8	62,768.0
PSG,2015,9	60,-34.0
PSP,2015,1	1069,7041.0
PSP,2015,11	848,637.0
PSP,2015,12	867,3291.0
PSP,2015,2	1084,7953.0
PSP,2015,3	1294,2550.0
PSP,2015,4	1082,1928.0
PSP,2015,5	846,2581.0
PSP,2015,6	450,3384.0
PSP,2015,7	429,4794.0
PSP,2015,8	451,3330.0
PSP,2015,9	482,791.0
PUB,2015,1	50,669.0
PUB,2015,2	47,332.0
PUB,2015,3	53,-408.0
PUB,2015,4	48,-216.0
PUB,2015,5	51,-571.0
PUB,2015,6	6,-47.0
PVD,2015,1	948,6866.0
PVD,2015,11	1067,-124.0
PVD,2015,12	1072,7246.0
PVD,2015,2	724,7921.0
PVD,2015,3	1033,6571.0
PVD,2015,4	997,2038.0
PVD,2015,5	973,2615.0
PVD,2015,6	969,12500.0
PVD,2015,7	987,13545.0
PVD,2015,8	977,10292.0
PVD,2015,9	1047,108.0
PWM,2015,1	213,1745.0
PWM,2015,11	376,1364.0
PWM,2015,12	409,3866.0
PWM,2015,2	230,2965.0
PWM,2015,3	307,2576.0
PWM,2015,4	371,2045.0
PWM,2015,5	423,1246.0
PWM,2015,6	545,5926.0
PWM,2015,7	617,7171.0
PWM,2015,8	603,3102.0
PWM,2015,9	464,8.0
RAP,2015,1	202,1841.0
RAP,2015,11	244,87.0
RAP,2015,12	216,1856.0
RAP,2015,2	201,435.0
RAP,2015,3	238,702.0
RAP,2015,4	206,-323.0
RAP,2015,5	292,1195.0
RAP,2015,6	403,3730.0
RAP,2015,7	513,3250.0
RAP,2015,8	431,1420.0
RAP,2015,9	265,40.0
RDD,2015,1	88,1164.0
RDD,2015,11	58,141.0
RDD,2015,12	54,346.0
RDD,2015,2	79,687.0
RDD,2015,3	65,363.0
RDD,2015,4	60,29.0
RDD,2015,5	62,793.0
RDD,2015,6	59,780.0
RDD,2015,7	61,92.0
RDD,2015,8	61,581.0
RDD,2015,9	59,368.0
RDM,2015,1	159,1200.0
RDM,2015,11	189,-260.0
RDM,2015,12	199,1980.0
RDM,2015,2	147,1493.0
RDM,2015,3	184,-202.0
RDM,2015,4	173,-673.0
RDM,2015,5	179,237.0
RDM,2015,6	223,1079.0
RDM,2015,7	239,369.0
RDM,2015,8	230,482.0
RDM,2015,9	189,-346.0
RDU,2015,1	2648,16397.0
RDU,2015,11	2841,3490.0
RDU,2015,12	2852,22038.0
RDU,2015,2	2205,17816.0
RDU,2015,3	2788,17621.0
RDU,2015,4	2826,6533.0
RDU,2015,5	2987,11317.0
RDU,2015,6	3111,34001.0
RDU,2015,7	3191,28028.0
RDU,2015,8	3001,22181.0
RDU,2015,9	2744,3780.0
RHI,2015,1	86,523.0
RHI,2015,11	81,401.0
RHI,2015,12	86,-310.0
RHI,2015,2	80,-214.0
RHI,2015,3	85,-14.0
RHI,2015,4	86,-313.0
RHI,2015,5	86,-397.0
RHI,2015,6	86,-354.0
RHI,2015,7	88,-478.0
RHI,2015,8	88,17.0
RHI,2015,9	86,-141.0
RIC,2015,1	1203,11390.0
RIC,2015,11	1388,4594.0
RIC,2015,12	1316,11264.0
RIC,2015,2	1046,11747.0
RIC,2015,3	1285,7219.0
RIC,2015,4	1291,3738.0
RIC,2015,5	1282,3260.0
RIC,2015,6	1417,17530.0
RIC,2015,7	1551,18558.0
RIC,2015,8	1587,15327.0
RIC,2015,9	1537,2883.0
RKS,2015,1	112,-385.0
RKS,2015,11	51,-138.0
RKS,2015,12	57,-269.0
RKS,2015,2	54,34.0
RKS,2015,3	61,-725.0
RKS,2015,4	54,-509.0
RKS,2015,5	55,-228.0
RKS,2015,6	53,610.0
RKS,2015,7	58,153.0
RKS,2015,8	56,74.0
RKS,2015,9	54,-786.0
RNO,2015,1	1088,4096.0
RNO,2015,11	1000,2654.0
RNO,2015,12	1077,12917.0
RNO,2015,2	976,5906.0
RNO,2015,3	1181,3657.0
RNO,2015,4	1179,5114.0
RNO,2015,5	1193,2813.0
RNO,2015,6	1346,12043.0
RNO,2015,7	1379,13805.0
RNO,2015,8	1317,5012.0
RNO,2015,9	1149,-1328.0
ROA,2015,1	134,1229.0
ROA,2015,11	201,1711.0
ROA,2015,12	185,2349.0
ROA,2015,2	126,1348.0
ROA,2015,3	216,1053.0
ROA,2015,4	214,482.0
ROA,2015,5	227,203.0
ROA,2015,6	220,1718.0
ROA,2015,7	229,2491.0
ROA,2015,8	234,2571.0
ROA,2015,9	218,-342.0
ROC,2015,1	587,5680.0
ROC,2015,11	736,859.0
ROC,2015,12	673,4155.0
ROC,2015,2	526,5829.0
ROC,2015,3	693,4792.0
ROC,2015,4	669,-655.0
ROC,2015,5	768,1393.0
ROC,2015,6	618,3917.0
ROC,2015,7	685,5458.0
ROC,2015,8	660,4503.0
ROC,2015,9	657,-508.0
ROW,2015,1	80,1122.0
ROW,2015,11	81,376.0
ROW,2015,12	72,-191.0
ROW,2015,2	69,1156.0
ROW,2015,3	86,472.0
ROW,2015,4	86,505.0
ROW,2015,5	84,537.0
ROW,2015,6	88,408.0
ROW,2015,7	89,114.0
ROW,2015,8	93,-611.0
ROW,2015,9	88,-386.0
RST,2015,1	173,3560.0
RST,2015,11	163,668.0
RST,2015,12	161,-248.0
RST,2015,2	161,3628.0
RST,2015,3	182,1409.0
RST,2015,4	182,-1098.0
RST,2015,5	182,-955.0
RST,2015,6	190,900.0
RST,2015,7	210,314.0
RST,2015,8	201,-260.0
RST,2015,9	172,-478.0
RSW,2015,1	3045,9271.0
RSW,2015,11	2453,-2810.0
RSW,2015,12	2991,21919.0
RSW,2015,2	2999,21873.0
RSW,2015,3	4021,19483.0
RSW,2015,4	3028,-3596.0
RSW,2015,5	2149,-1193.0
RSW,2015,6	1701,12340.0
RSW,2015,7	1690,8210.0
RSW,2015,8	1539,6501.0
RSW,2015,9	1367,4009.0
SAF,2015,1	105,1239.0
SAF,2015,11	83,489.0
SAF,2015,12	85,-136.0
SAF,2015,2	107,1648.0
SAF,2015,3	149,1124.0
SAF,2015,4	179,1223.0
SAF,2015,5	178,663.0
SAF,2015,6	179,1301.0
SAF,2015,7	148,297.0
SAF,2015,8	138,-612.0
SAF,2015,9	95,-849.0
SAN,2015,1	6035,9153.0
SAN,2015,11	5812,19434.0
SAN,2015,12	6145,37606.0
SAN,2015,2	5364,24288.0
SAN,2015,3	6487,2694.0
SAN,2015,4	6373,23174.0
SAN,2015,5	6521,31244.0
SAN,2015,6	6666,42984.0
SAN,2015,7	6949,53323.0
SAN,2015,8	6807,18943.0
SAN,2015,9	6135,-8061.0
SAT,2015,1	2564,20787.0
SAT,2015,11	2482,5238.0
SAT,2015,12	2549,14132.0
SAT,2015,2	2243,15849.0
SAT,2015,3	2709,16891.0
SAT,2015,4	2810,19147.0
SAT,2015,5	2956,24668.0
SAT,2015,6	2929,31285.0
SAT,2015,7	2983,24763.0
SAT,2015,8	2765,10794.0
SAT,2015,9	2464,-10671.0
SAV,2015,1	587,5171.0
SAV,2015,11	648,565.0
SAV,2015,12	554,3624.0
SAV,2015,2	532,6971.0
SAV,2015,3	663,2533.0
SAV,2015,4	737,1794.0
SAV,2015,5	791,1946.0
SAV,2015,6	744,8056.0
SAV,2015,7	728,5192.0
SAV,2015,8	744,2762.0
SAV,2015,9	658,102.0
SBA,2015,1	562,4684.0
SBA,2015,11	509,-1519.0
SBA,2015,12	436,3783.0
SBA,2015,2	470,4589.0
SBA,2015,3	476,1576.0
SBA,2015,4	555,841.0
SBA,2015,5	560,1404.0
SBA,2015,6	583,2462.0
SBA,2015,7	614,2091.0
SBA,2015,8	604,2218.0
SBA,2015,9	533,1432.0
SBN,2015,1	374,6831.0
SBN,2015,11	380,2118.0
SBN,2015,12	376,4483.0
SBN,2015,2	368,6900.0
SBN,2015,3	457,3686.0
SBN,2015,4	402,1766.0
SBN,2015,5	393,227.0
SBN,2015,6	395,4160.0
SBN,2015,7	389,3072.0
SBN,2015,8	402,3544.0
SBN,2015,9	408,824.0
SBP,2015,1	410,1924.0
SBP,2015,11	212,-199.0
SBP,2015,12	213,1080.0
SBP,2015,2	369,1635.0
SBP,2015,3	424,1361.0
SBP,2015,4	272,1282.0
SBP,2015,5	246,302.0
SBP,2015,6	235,131.0
SBP,2015,7	206,1129.0
SBP,2015,8	222,1302.0
SBP,2015,9	256,1026.0
SCC,2015,1	76,-15.0
SCC,2015,11	75,-159.0
SCC,2015,12	76,-165.0
SCC,2015,2	68,20.0
SCC,2015,3	76,438.0
SCC,2015,4	75,65.0
SCC,2015,5	78,-318.0
SCC,2015,6	78,223.0
SCC,2015,7	76,199.0
SCC,2015,8	78,-34.0
SCC,2015,9	76,144.0
SCE,2015,1	64,1131.0
SCE,2015,11	59,666.0
SCE,2015,12	64,505.0
SCE,2015,2	51,1287.0
SCE,2015,3	71,282.0
SCE,2015,4	71,196.0
SCE,2015,5	71,263.0
SCE,2015,6	81,2333.0
SCE,2015,7	146,1153.0
SCE,2015,8	144,262.0
SCE,2015,9	59,914.0
SDF,2015,1	916,7713.0
SDF,2015,11	910,1925.0
SDF,2015,12	826,6598.0
SDF,2015,2	811,7482.0
SDF,2015,3	997,7512.0
SDF,2015,4	915,2888.0
SDF,2015,5	1044,4118.0
SDF,2015,6	969,10164.0
SDF,2015,7	895,6054.0
SDF,2015,8	865,2109.0
SDF,2015,9	811,-385.0
SEA,2015,1	8317,21490.0
SEA,2015,11	9649,-3894.0
SEA,2015,12	10293,41989.0
SEA,2015,2	7636,12528.0
SEA,2015,3	9224,8126.0
SEA,2015,4	9199,-14645.0
SEA,2015,5	10292,-6181.0
SEA,2015,6	11105,52671.0
SEA,2015,7	11943,40727.0
SEA,2015,8	12056,68709.0
SEA,2015,9	10478,-4500.0
SFO,2015,1	12540,59941.0
SFO,2015,11	13422,4493.0
SFO,2015,12	13414,284096.0
SFO,2015,2	11149,123356.0
SFO,2015,3	13219,19210.0
SFO,2015,4	12876,37282.0
SFO,2015,5	13361,129887.0
SFO,2015,6	13554,96419.0
SFO,2015,7	14223,128825.0
SFO,2015,8	14423,83300.0
SFO,2015,9	13228,-9733.0
SGF,2015,1	577,9591.0
SGF,2015,11	523,1819.0
SGF,2015,12	542,3359.0
SGF,2015,2	481,11108.0
SGF,2015,3	628,6198.0
SGF,2015,4	590,3285.0
SGF,2015,5	632,3275.0
SGF,2015,6	635,8251.0
SGF,2015,7	463,4467.0
SGF,2015,8	498,1328.0
SGF,2015,9	478,-31.0
SGU,2015,1	147,939.0
SGU,2015,11	170,1117.0
SGU,2015,12	159,1926.0
SGU,2015,2	136,217.0
SGU,2015,3	178,323.0
SGU,2015,4	175,737.0
SGU,2015,5	180,570.0
SGU,2015,6	150,1657.0
SGU,2015,7	153,1121.0
SGU,2015,8	155,689.0
SGU,2015,9	170,-28.0
SHV,2015,1	545,3853.0
SHV,2015,11	549,1148.0
SHV,2015,12	541,2499.0
SHV,2015,2	431,3242.0
SHV,2015,3	518,7008.0
SHV,2015,4	527,4180.0
SHV,2015,5	552,7181.0
SHV,2015,6	571,8038.0
SHV,2015,7	589,3515.0
SHV,2015,8	574,4120.0
SHV,2015,9	532,1289.0
SIT,2015,1	88,26.0
SIT,2015,11	87,879.0
SIT,2015,12	89,-235.0
SIT,2015,2	81,116.0
SIT,2015,3	93,604.0
SIT,2015,4	90,392.0
SIT,2015,5	117,-278.0
SIT,2015,6	172,-91.0
SIT,2015,7	185,610.0
SIT,2015,8	213,620.0
SIT,2015,9	110,151.0
SJC,2015,1	3275,6636.0
SJC,2015,11	3294,6782.0
SJC,2015,12	3275,23997.0
SJC,2015,2	2970,7071.0
SJC,2015,3	3302,5204.0
SJC,2015,4	3442,10901.0
SJC,2015,5	3628,15636.0
SJC,2015,6	3675,26211.0
SJC,2015,7	3750,35078.0
SJC,2015,8	3706,20275.0
SJC,2015,9	3420,960.0
SJT,2015,1	142,1182.0
SJT,2015,11	140,-282.0
SJT,2015,12	143,-356.0
SJT,2015,2	116,1269.0
SJT,2015,3	141,2520.0
SJT,2015,4	145,1175.0
SJT,2015,5	144,832.0
SJT,2015,6	143,373.0
SJT,2015,7	149,-25.0
SJT,2015,8	149,-500.0
SJT,2015,9	141,-838.0
SJU,2015,1	2299,17864.0
SJU,2015,11	2146,7571.0
SJU,2015,12	2572,37921.0
SJU,2015,2	1954,22347.0
SJU,2015,3	2247,19694.0
SJU,2015,4	2233,4330.0
SJU,2015,5	2126,6106.0
SJU,2015,6	2323,18042.0
SJU,2015,7	2547,16948.0
SJU,2015,8	2288,16508.0
SJU,2015,9	1712,872.0
SLC,2015,1	8545,1403.0
SLC,2015,11	8380,-9599.0
SLC,2015,12	8705,47766.0
SLC,2015,2	7797,8863.0
SLC,2015,3	9441,-2633.0
SLC,2015,4	8767,-2977.0
SLC,2015,5	8721,-12389.0
SLC,2015,6	8918,22263.0
SLC,2015,7	9458,17642.0
SLC,2015,8	9436,-1605.0
SLC,2015,9	8389,-30569.0
SMF,2015,1	3154,15823.0
SMF,2015,11	3222,6657.0
SMF,2015,12	3188,24310.0
SMF,2015,2	2895,16546.0
SMF,2015,3	3205,7349.0
SMF,2015,4	3356,12744.0
SMF,2015,5	3620,17216.0
SMF,2015,6	3508,33283.0
SMF,2015,7	3599,33783.0
SMF,2015,8	3597,28176.0
SMF,2015,9	3511,4973.0
SMX,2015,1	60,-100.0
SMX,2015,11	58,-344.0
SMX,2015,12	54,345.0
SMX,2015,2	55,197.0
SMX,2015,3	62,-25.0
SMX,2015,4	59,-214.0
SMX,2015,5	63,839.0
SMX,2015,6	60,-183.0
SMX,2015,7	61,7.0
SMX,2015,8	60,82.0
SMX,2015,9	60,-185.0
SNA,2015,1	3146,292.0
SNA,2015,11	3425,5092.0
SNA,2015,12	3499,14697.0
SNA,2015,2	2877,4699.0
SNA,2015,3	3343,-4229.0
SNA,2015,4	3280,3712.0
SNA,2015,5	3315,10970.0
SNA,2015,6	3305,9931.0
SNA,2015,7	3559,15725.0
SNA,2015,8	3586,4886.0
SNA,2015,9	3388,-7618.0
SPI,2015,1	122,1293.0
SPI,2015,11	133,1322.0
SPI,2015,12	144,957.0
SPI,2015,2	110,2386.0
SPI,2015,3	144,811.0
SPI,2015,4	135,862.0
SPI,2015,5	145,1269.0
SPI,2015,6	145,3188.0
SPI,2015,7	150,631.0
SPI,2015,8	151,315.0
SPI,2015,9	142,242.0
SPS,2015,1	99,983.0
SPS,2015,11	90,552.0
SPS,2015,12	84,-8.0
SPS,2015,2	86,884.0
SPS,2015,3	117,1333.0
SPS,2015,4	115,891.0
SPS,2015,5	111,1685.0
SPS,2015,6	115,509.0
SPS,2015,7	120,60.0
SPS,2015,8	121,-599.0
SPS,2015,9	112,-501.0
SRQ,2015,1	308,1065.0
SRQ,2015,11	297,-948.0
SRQ,2015,12	358,2616.0
SRQ,2015,2	318,1256.0
SRQ,2015,3	455,2305.0
SRQ,2015,4	358,1097.0
SRQ,2015,5	281,-90.0
SRQ,2015,6	287,-262.0
SRQ,2015,7	241,961.0
SRQ,2015,8	224,741.0
SRQ,2015,9	209,-378.0
STC,2015,1	55,1287.0
STC,2015,2	22,486.0
STL,2015,1	3991,20412.0
STL,2015,11	4152,-2298.0
STL,2015,12	4239,19075.0
STL,2015,2	3463,21267.0
STL,2015,3	4348,15021.0
STL,2015,4	4289,16279.0
STL,2015,5	4299,20162.0
STL,2015,6	4345,47919.0
STL,2015,7	4584,35785.0
STL,2015,8	4419,14000.0
STL,2015,9	4144,-13071.0
STT,2015,1	470,2149.0
STT,2015,11	311,1329.0
STT,2015,12	438,6701.0
STT,2015,2	420,4321.0
STT,2015,3	484,2104.0
STT,2015,4	473,-911.0
STT,2015,5	407,1573.0
STT,2015,6	382,1668.0
STT,2015,7	395,2660.0
STT,2015,8	342,1557.0
STT,2015,9	184,906.0
STX,2015,1	91,670.0
STX,2015,11	69,151.0
STX,2015,12	85,936.0
STX,2015,2	81,628.0
STX,2015,3	91,444.0
STX,2015,4	89,392.0
STX,2015,5	88,527.0
STX,2015,6	96,319.0
STX,2015,7	101,1141.0
STX,2015,8	82,349.0
STX,2015,9	60,551.0
SUN,2015,1	85,481.0
SUN,2015,11	44,-271.0
SUN,2015,12	64,600.0
SUN,2015,2	79,94.0
SUN,2015,3	111,41.0
SUN,2015,4	50,-135.0
SUN,2015,5	17,39.0
SUN,2015,6	77,367.0
SUN,2015,7	129,1185.0
SUN,2015,8	120,626.0
SUN,2015,9	78,-191.0
SUX,2015,1	53,1374.0
SUX,2015,11	50,-62.0
SUX,2015,12	55,-150.0
SUX,2015,2	44,1693.0
SUX,2015,3	58,527.0
SUX,2015,4	54,-219.0
SUX,2015,5	55,-557.0
SUX,2015,6	53,505.0
SUX,2015,7	58,-101.0
SUX,2015,8	55,-127.0
SUX,2015,9	56,-172.0
SWF,2015,1	56,501.0
SWF,2015,11	60,279.0
SWF,2015,12	62,590.0
SWF,2015,2	65,850.0
SWF,2015,3	61,-117.0
SWF,2015,4	63,337.0
SWF,2015,5	67,236.0
SWF,2015,6	61,8.0
SWF,2015,7	62,771.0
SWF,2015,8	63,901.0
SWF,2015,9	60,468.0
SYR,2015,1	449,5986.0
SYR,2015,11	581,-98.0
SYR,2015,12	596,3821.0
SYR,2015,2	391,7303.0
SYR,2015,3	480,2849.0
SYR,2015,4	410,1262.0
SYR,2015,5	472,539.0
SYR,2015,6	473,2997.0
SYR,2015,7	528,3828.0
SYR,2015,8	567,3962.0
SYR,2015,9	528,2074.0
TLH,2015,1	325,1953.0
TLH,2015,11	256,-267.0
TLH,2015,12	262,2011.0
TLH,2015,2	282,3304.0
TLH,2015,3	351,833.0
TLH,2015,4	286,147.0
TLH,2015,5	277,559.0
TLH,2015,6	279,4486.0
TLH,2015,7	283,1538.0
TLH,2015,8	291,1928.0
TLH,2015,9	257,461.0
TOL,2015,1	77,2069.0
TOL,2015,11	78,-458.0
TOL,2015,12	81,-226.0
TOL,2015,2	67,1739.0
TOL,2015,3	83,163.0
TOL,2015,4	84,-1138.0
TOL,2015,5	87,-565.0
TOL,2015,6	85,-42.0
TOL,2015,7	87,-422.0
TOL,2015,8	87,-457.0
TOL,2015,9	85,-493.0
TPA,2015,1	5864,16638.0
TPA,2015,11	5648,-12061.0
TPA,2015,12	6038,37694.0
TPA,2015,2	5301,35051.0
TPA,2015,3	6762,33119.0
TPA,2015,4	6134,8577.0
TPA,2015,5	5865,19520.0
TPA,2015,6	5646,59152.0
TPA,2015,7	5811,51554.0
TPA,2015,8	5329,41930.0
TPA,2015,9	4759,10964.0
TRI,2015,1	166,-154.0
TRI,2015,11	150,-120.0
TRI,2015,12	176,-131.0
TRI,2015,2	145,244.0
TRI,2015,3	172,600.0
TRI,2015,4	165,209.0
TRI,2015,5	193,278.0
TRI,2015,6	192,815.0
TRI,2015,7	195,1295.0
TRI,2015,8	197,1001.0
TRI,2015,9	161,-78.0
TTN,2015,1	226,5873.0
TTN,2015,11	263,1147.0
TTN,2015,12	269,2549.0
TTN,2015,2	192,11123.0
TTN,2015,3	226,6951.0
TTN,2015,4	231,1671.0
TTN,2015,5	279,2440.0
TTN,2015,6	262,4634.0
TTN,2015,7	272,4479.0
TTN,2015,8	276,3975.0
TTN,2015,9	265,3293.0
TUL,2015,1	1271,9240.0
TUL,2015,11	1184,6008.0
TUL,2015,12	1149,8727.0
TUL,2015,2	1152,8210.0
TUL,2015,3	1426,9410.0
TUL,2015,4	1213,5784.0
TUL,2015,5	1211,12218.0
TUL,2015,6	1279,16080.0
TUL,2015,7	1274,9329.0
TUL,2015,8	1281,6637.0
TUL,2015,9	1308,-963.0
TUS,2015,1	1438,10634.0
TUS,2015,11	1347,5847.0
TUS,2015,12	1344,8958.0
TUS,2015,2	1334,7627.0
TUS,2015,3	1611,5555.0
TUS,2015,4	1519,11011.0
TUS,2015,5	1458,10107.0
TUS,2015,6	1240,13234.0
TUS,2015,7	1239,13024.0
TUS,2015,8	1261,6494.0
TUS,2015,9	1165,-1803.0
TVC,2015,1	183,4188.0
TVC,2015,11	190,277.0
TVC,2015,12	188,-26.0
TVC,2015,2	176,3496.0
TVC,2015,3	239,370.0
TVC,2015,4	235,-232.0
TVC,2015,5	192,-1054.0
TVC,2015,6	293,1092.0
TVC,2015,7	373,-493.0
TVC,2015,8	374,-845.0
TVC,2015,9	223,205.0
TWF,2015,1	56,135.0
TWF,2015,11	81,195.0
TWF,2015,12	70,1228.0
TWF,2015,2	53,46.0
TWF,2015,3	58,104.0
TWF,2015,4	56,75.0
TWF,2015,5	88,195.0
TWF,2015,6	86,-164.0
TWF,2015,7	89,952.0
TWF,2015,8	86,265.0
TWF,2015,9	83,-124.0
TXK,2015,1	84,743.0
TXK,2015,11	78,617.0
TXK,2015,12	86,403.0
TXK,2015,2	64,286.0
TXK,2015,3	83,914.0
TXK,2015,4	85,412.0
TXK,2015,5	82,317.0
TXK,2015,6	86,439.0
TXK,2015,7	92,451.0
TXK,2015,8	91,-33.0
TXK,2015,9	84,-188.0
TYR,2015,1	188,2863.0
TYR,2015,11	198,904.0
TYR,2015,12	187,-722.0
TYR,2015,2	159,1801.0
TYR,2015,3	189,2625.0
TYR,2015,4	196,1955.0
TYR,2015,5	202,1929.0
TYR,2015,6	216,2629.0
TYR,2015,7	230,1042.0
TYR,2015,8	221,1694.0
TYR,2015,9	213,-440.0
TYS,2015,1	582,8305.0
TYS,2015,11	573,3668.0
TYS,2015,12	542,5970.0
TYS,2015,2	482,8635.0
TYS,2015,3	649,7340.0
TYS,2015,4	625,1895.0
TYS,2015,5	661,7257.0
TYS,2015,6	658,12021.0
TYS,2015,7	691,9272.0
TYS,2015,8	675,5950.0
TYS,2015,9	626,1478.0
UST,2015,1	16,-69.0
UST,2015,11	17,-364.0
UST,2015,12	16,-185.0
UST,2015,2	11,299.0
UST,2015,3	12,-112.0
UST,2015,4	14,-127.0
UST,2015,5	13,232.0
UST,2015,6	10,-42.0
UST,2015,7	12,52.0
UST,2015,8	13,343.0
UST,2015,9	12,255.0
VEL,2015,1	48,-356.0
VEL,2015,2	48,-772.0
VEL,2015,3	52,-919.0
VEL,2015,4	49,-664.0
VLD,2015,1	85,245.0
VLD,2015,11	84,379.0
VLD,2015,12	82,797.0
VLD,2015,2	74,44.0
VLD,2015,3	87,1118.0
VLD,2015,4	84,504.0
VLD,2015,5	85,245.0
VLD,2015,6	86,581.0
VLD,2015,7	86,806.0
VLD,2015,8	86,1112.0
VLD,2015,9	82,568.0
VPS,2015,1	373,1415.0
VPS,2015,11	391,666.0
VPS,2015,12	405,2525.0
VPS,2015,2	324,2547.0
VPS,2015,3	415,4451.0
VPS,2015,4	430,2305.0
VPS,2015,5	455,4619.0
VPS,2015,6	521,7253.0
VPS,2015,7	539,1890.0
VPS,2015,8	486,2353.0
VPS,2015,9	404,137.0
WRG,2015,1	60,558.0
WRG,2015,11	58,-33.0
WRG,2015,12	58,-331.0
WRG,2015,2	53,-294.0
WRG,2015,3	62,904.0
WRG,2015,4	57,101.0
WRG,2015,5	60,278.0
WRG,2015,6	60,827.0
WRG,2015,7	62,495.0
WRG,2015,8	62,710.0
WRG,2015,9	60,290.0
WYS,2015,6	50,179.0
WYS,2015,7	53,480.0
WYS,2015,8	54,198.0
WYS,2015,9	50,11.0
XNA,2015,1	738,10956.0
XNA,2015,11	790,2696.0
XNA,2015,12	751,3283.0
XNA,2015,2	680,11310.0
XNA,2015,3	846,10715.0
XNA,2015,4	808,5286.0
XNA,2015,5	803,6987.0
XNA,2015,6	869,13052.0
XNA,2015,7	917,8442.0
XNA,2015,8	890,6095.0
XNA,2015,9	894,4.0
YAK,2015,1	59,-326.0
YAK,2015,11	58,-133.0
YAK,2015,12	59,-505.0
YAK,2015,2	53,-160.0
YAK,2015,3	61,349.0
YAK,2015,4	58,219.0
YAK,2015,5	62,-178.0
YAK,2015,6	58,152.0
YAK,2015,7	62,120.0
YAK,2015,8	62,196.0
YAK,2015,9	60,508.0
YUM,2015,1	165,1070.0
YUM,2015,11	160,26.0
YUM,2015,12	174,458.0
YUM,2015,2	154,511.0
YUM,2015,3	184,175.0
YUM,2015,4	178,535.0
YUM,2015,5	176,-292.0
YUM,2015,6	167,1788.0
YUM,2015,7	174,596.0
YUM,2015,8	170,1081.0
YUM,2015,9	154,101.0
